# yr;6*Math.pow(10,-1)*getVariable(5,k)*getVariable(8,k)+81*Math.pow(10,-1)-getVariable(8,k)*getVariable(8,k)+getVariable(7,k)*getVariable(2,k)*72*Math.pow(10,-6)-99*Math.pow(10,-5)*getVariable(8,k)*getVariable(8,k)*getVariable(5,k)*getVariable(4,k)+getVariable(6,k)-43*Math.pow(10,-2)*getVariable(6,k)*15*Math.pow(10,-1)-getVariable(5,k)-99*Math.pow(10,-2)*getVariable(8,k)+getVariable(6,k)-getVariable(6,k)+38*Math.pow(10,-4)-getVariable(2,k)+getVariable(2,k);49*Math.pow(10,-9)+29*Math.pow(10,-2)*getVariable(6,k)+getVariable(8,k)*getVariable(8,k)*getVariable(8,k)*getVariable(8,k)-getVariable(8,k)-86*Math.pow(10,-2)*getVariable(8,k)-81*Math.pow(10,-3)-getVariable(8,k)+getVariable(7,k)*getVariable(7,k)*99*Math.pow(10,-8)*getVariable(7,k)-getVariable(2,k)*99*Math.pow(10,-6)*getVariable(1,k)+99*Math.pow(10,-4)*99*Math.pow(10,-4)*getVariable(7,k)*getVariable(7,k);getVariable(7,k)-getVariable(3,k)-81*Math.pow(10,-3)-getVariable(2,k)*98*Math.pow(10,-4)-getVariable(5,k)+getVariable(8,k)-50*Math.pow(10,-3)+getVariable(8,k)-getVariable(7,k)*getVariable(7,k)*getVariable(7,k)*99*Math.pow(10,-3)*93*Math.pow(10,-6)+getVariable(5,k)*76*Math.pow(10,-4)*getVariable(3,k)-getVariable(8,k)+getVariable(8,k)*getVariable(8,k);getVariable(8,k)-getVariable(8,k)+30*Math.pow(10,-2)*getVariable(6,k)+getVariable(8,k)*22*Math.pow(10,-6)*74*Math.pow(10,+3)*getVariable(8,k)*getVariable(8,k)-getVariable(2,k)*99*Math.pow(10,-8)*getVariable(2,k)*getVariable(2,k)-getVariable(6,k)+1*Math.pow(10,+3)*33*Math.pow(10,-5)+getVariable(6,k)+getVariable(7,k)*99*Math.pow(10,-6)*getVariable(7,k);30*Math.pow(10,-2)*getVariable(6,k)-getVariable(8,k)*91*Math.pow(10,-2)*getVariable(8,k)+getVariable(8,k)*getVariable(8,k)*getVariable(8,k)*getVariable(8,k)+getVariable(2,k)+40*Math.pow(10,-3)-getVariable(2,k)+81*Math.pow(10,-4)+getVariable(7,k)*99*Math.pow(10,-4)-99*Math.pow(10,-4)*getVariable(2,k)+93*Math.pow(10,-3)-99*Math.pow(10,-4)*getVariable(2,k);84*Math.pow(10,-2)*6*Math.pow(10,-1)*getVariable(5,k)*getVariable(8,k)+99*Math.pow(10,-1)+98*Math.pow(10,-2)-36*Math.pow(10,-2)*89*Math.pow(10,-4)-getVariable(8,k)*getVariable(8,k)+getVariable(1,k)-getVariable(1,k);95*Math.pow(10,-1)*getVariable(8,k)+29*Math.pow(10,-2)*getVariable(6,k)-99*Math.pow(10,-3)*getVariable(4,k)+getVariable(7,k)*getVariable(8,k)*99*Math.pow(10,-4)*getVariable(8,k)-99*Math.pow(10,-3)-getVariable(8,k)*getVariable(2,k)*99*Math.pow(10,-4)+getVariable(6,k)-getVariable(6,k)-8*Math.pow(10,-4)*getVariable(4,k)*getVariable(2,k)-99*Math.pow(10,-2)+46*Math.pow(10,-4)*getVariable(6,k);getVariable(5,k)+getVariable(8,k)*getVariable(8,k)*getVariable(8,k)*getVariable(8,k)-99*Math.pow(10,-1)-getVariable(5,k)*89*Math.pow(10,-2)*90*Math.pow(10,-3)*99*Math.pow(10,-3)*getVariable(8,k)*getVariable(5,k)+getVariable(6,k)*69*Math.pow(10,-3)+getVariable(4,k)-getVariable(4,k)+82*Math.pow(10,-4)*getVariable(7,k)*getVariable(8,k)*getVariable(7,k)*getVariable(6,k)*51*Math.pow(10,-5)+94*Math.pow(10,-4)*getVariable(9,k)*getVariable(8,k)*getVariable(8,k);getVariable(5,k)+getVariable(8,k)*getVariable(8,k)*getVariable(8,k)-97*Math.pow(10,-1)-getVariable(5,k)*getVariable(2,k)*getVariable(4,k)*88*Math.pow(10,-6)+getVariable(8,k)+13*Math.pow(10,+2)*getVariable(8,k)*14*Math.pow(10,-4)-getVariable(5,k)*getVariable(5,k)*99*Math.pow(10,-5)+1*Math.pow(10,-1)*getVariable(6,k)+getVariable(6,k)*99*Math.pow(10,-3)+getVariable(7,k)*98*Math.pow(10,-6)*getVariable(7,k);16*Math.pow(10,-2)*getVariable(8,k)*getVariable(6,k)+95*Math.pow(10,-1)-getVariable(8,k)*getVariable(8,k)+getVariable(4,k)*96*Math.pow(10,-2)-getVariable(4,k)+47*Math.pow(10,-3)*getVariable(6,k)+99*Math.pow(10,-6)*getVariable(6,k)*getVariable(6,k)-getVariable(3,k)-99*Math.pow(10,-2)+97*Math.pow(10,-3)+38*Math.pow(10,-3)+getVariable(3,k);getVariable(8,k)+getVariable(5,k)-92*Math.pow(10,-1)+getVariable(8,k)*getVariable(8,k)*getVariable(8,k)*getVariable(8,k)*73*Math.pow(10,-2)-getVariable(8,k)-getVariable(5,k)*getVariable(1,k)*99*Math.pow(10,-6)*99*Math.pow(10,-1)*getVariable(8,k)+70*Math.pow(10,-3)*getVariable(6,k)*getVariable(8,k)-getVariable(8,k)-87*Math.pow(10,-1)*92*Math.pow(10,-4)-getVariable(8,k)+getVariable(7,k)-getVariable(7,k);getVariable(5,k)*getVariable(8,k)*37*Math.pow(10,-2)+53*Math.pow(10,-1)*29*Math.pow(10,-1)-getVariable(8,k)+70*Math.pow(10,-3)+99*Math.pow(10,-3)*getVariable(6,k)+getVariable(9,k)*getVariable(8,k)*92*Math.pow(10,-4)*getVariable(8,k)+42*Math.pow(10,-3)+getVariable(6,k)*getVariable(2,k)*99*Math.pow(10,-6)-getVariable(2,k)*95*Math.pow(10,-3)+getVariable(4,k)-getVariable(4,k)+84*Math.pow(10,-3)*getVariable(6,k)-99*Math.pow(10,-4)*getVariable(5,k)-getVariable(7,k)+getVariable(7,k)-84*Math.pow(10,-5)*getVariable(5,k)*getVariable(7,k);96*Math.pow(10,-2)+getVariable(8,k)*getVariable(5,k)*35*Math.pow(10,-2)+getVariable(8,k)+10*Math.pow(10,-2)*getVariable(6,k)-getVariable(8,k)*getVariable(5,k)*99*Math.pow(10,-3)*85*Math.pow(10,-2)+getVariable(6,k)*93*Math.pow(10,-4)*71*Math.pow(10,-3)*getVariable(6,k)+88*Math.pow(10,-3)*getVariable(6,k)-99*Math.pow(10,-3)*getVariable(1,k)+24*Math.pow(10,-2)-1*Math.pow(10,-2)*getVariable(4,k)*62*Math.pow(10,-1)+getVariable(8,k)*99*Math.pow(10,-3)+getVariable(8,k)+getVariable(8,k);getVariable(7,k)-getVariable(8,k)-getVariable(6,k)-getVariable(3,k)*79*Math.pow(10,-2)-getVariable(5,k)+getVariable(6,k)+getVariable(8,k)+28*Math.pow(10,-2)-getVariable(7,k)*99*Math.pow(10,-5)*getVariable(7,k)-36*Math.pow(10,-3)+getVariable(8,k)*getVariable(5,k)*99*Math.pow(10,-3)-getVariable(7,k)*99*Math.pow(10,-8)*getVariable(7,k)*getVariable(7,k);3*Math.pow(10,-1)*getVariable(6,k)+getVariable(8,k)*getVariable(8,k)*getVariable(8,k)*75*Math.pow(10,-2)*getVariable(8,k)+13*Math.pow(10,-3)+getVariable(8,k)-99*Math.pow(10,-2)-99*Math.pow(10,-6)*getVariable(2,k)*getVariable(2,k);65*Math.pow(10,-4)-getVariable(5,k)-getVariable(3,k)*93*Math.pow(10,-2)+getVariable(7,k)-99*Math.pow(10,+1)*99*Math.pow(10,-5)+getVariable(8,k)+99*Math.pow(10,-4)*getVariable(3,k)*89*Math.pow(10,-2)*getVariable(5,k)-getVariable(7,k)*getVariable(7,k)*99*Math.pow(10,-5)*99*Math.pow(10,-4)*getVariable(7,k)-62*Math.pow(10,-1)+39*Math.pow(10,-1)*getVariable(8,k)-99*Math.pow(10,-4)*getVariable(2,k);getVariable(7,k)-getVariable(3,k)-getVariable(5,k)*93*Math.pow(10,-2)+getVariable(8,k)-1*Math.pow(10,-4)*99*Math.pow(10,+1)*getVariable(1,k)+getVariable(8,k)-73*Math.pow(10,-2)+99*Math.pow(10,-2)-getVariable(6,k)+11*Math.pow(10,-2)+79*Math.pow(10,-3)+99*Math.pow(10,-8)+getVariable(6,k)-96*Math.pow(10,-2)*getVariable(8,k)*getVariable(8,k)*18*Math.pow(10,-2)+99*Math.pow(10,-3)*getVariable(3,k);72*Math.pow(10,-1)-getVariable(4,k)-getVariable(7,k)*34*Math.pow(10,-2)+getVariable(5,k)-99*Math.pow(10,-3)*getVariable(1,k)+getVariable(8,k)+getVariable(8,k)*getVariable(8,k)+36*Math.pow(10,-2)-getVariable(5,k)*91*Math.pow(10,-3)-23*Math.pow(10,-3)+getVariable(7,k)-getVariable(5,k)+99*Math.pow(10,-6)*getVariable(2,k)*getVariable(9,k);getVariable(7,k)-getVariable(7,k)*99*Math.pow(10,-3)+43*Math.pow(10,-2)*99*Math.pow(10,-3)-getVariable(4,k)-5*Math.pow(10,-2)-16*Math.pow(10,-2)+94*Math.pow(10,-1)+62*Math.pow(10,-2)*getVariable(7,k)+65*Math.pow(10,-3)*getVariable(4,k)*getVariable(8,k)*getVariable(8,k)-getVariable(7,k)+getVariable(7,k)-getVariable(5,k)-getVariable(7,k)+getVariable(5,k)+getVariable(4,k)-getVariable(4,k)-83*Math.pow(10,-4)+getVariable(9,k)*99*Math.pow(10,-4)*getVariable(8,k);getVariable(7,k)-getVariable(4,k)-getVariable(5,k)+getVariable(4,k)-99*Math.pow(10,-3)*getVariable(7,k)+62*Math.pow(10,-3)*getVariable(9,k)+getVariable(8,k)-getVariable(2,k)+getVariable(2,k)*77*Math.pow(10,-8)*97*Math.pow(10,+4)+96*Math.pow(10,-1)+getVariable(8,k)-92*Math.pow(10,+3)*86*Math.pow(10,-9)*getVariable(1,k)+getVariable(2,k)-getVariable(2,k);getVariable(5,k)+getVariable(8,k)*getVariable(8,k)*getVariable(8,k)-21*Math.pow(10,-2)*getVariable(3,k)-getVariable(6,k)+getVariable(6,k)+getVariable(8,k)*getVariable(8,k)-99*Math.pow(10,-4)*getVariable(5,k)+getVariable(8,k)+99*Math.pow(10,-8)*99*Math.pow(10,+2)*getVariable(9,k);54*Math.pow(10,-1)-getVariable(5,k)+getVariable(7,k)+28*Math.pow(10,-1)+getVariable(9,k)-getVariable(9,k)-getVariable(3,k)-getVariable(7,k)*getVariable(7,k)*99*Math.pow(10,-5)-getVariable(2,k)+getVariable(2,k)+getVariable(8,k)-99*Math.pow(10,-2)-31*Math.pow(10,-4)-getVariable(7,k)+getVariable(7,k)+getVariable(8,k)+99*Math.pow(10,-4)*getVariable(6,k)+64*Math.pow(10,-2)*getVariable(8,k);92*Math.pow(10,+1)*71*Math.pow(10,-3)-getVariable(3,k)-99*Math.pow(10,-2)+97*Math.pow(10,-3)*getVariable(8,k)*getVariable(3,k)*getVariable(1,k)*getVariable(8,k)*getVariable(7,k)*1*Math.pow(10,-4)-getVariable(2,k)-99*Math.pow(10,-2)+getVariable(2,k)*99*Math.pow(10,-2)-getVariable(8,k)+99*Math.pow(10,-3)*10*Math.pow(10,-3)*getVariable(6,k)*1*Math.pow(10,-5)*getVariable(6,k)*31*Math.pow(10,+1)*getVariable(2,k);getVariable(5,k)+getVariable(8,k)*getVariable(8,k)*getVariable(8,k)-98*Math.pow(10,-1)-getVariable(8,k)+getVariable(8,k)*getVariable(8,k)*getVariable(8,k)+getVariable(1,k)-87*Math.pow(10,-2)-getVariable(1,k)+99*Math.pow(10,-3)*getVariable(6,k)-getVariable(5,k)*99*Math.pow(10,-3)*57*Math.pow(10,-3)*getVariable(5,k);30*Math.pow(10,-3)-38*Math.pow(10,-5)*getVariable(1,k)*getVariable(2,k)+getVariable(5,k)+getVariable(8,k)*78*Math.pow(10,-2)*getVariable(8,k)*getVariable(8,k)*getVariable(8,k)-getVariable(5,k)-92*Math.pow(10,-1)-34*Math.pow(10,-1)*getVariable(6,k)*83*Math.pow(10,-8)*getVariable(1,k)*94*Math.pow(10,-4)*getVariable(9,k)*getVariable(2,k)+getVariable(6,k)*44*Math.pow(10,-3)*99*Math.pow(10,-1)+89*Math.pow(10,-3)-getVariable(2,k)+getVariable(2,k);47*Math.pow(10,-2)*getVariable(7,k)-99*Math.pow(10,-3)*getVariable(2,k)-82*Math.pow(10,-2)-88*Math.pow(10,-3)*getVariable(1,k)+getVariable(8,k)*getVariable(8,k)*getVariable(8,k)+getVariable(6,k)*getVariable(6,k)*87*Math.pow(10,-6)*getVariable(9,k)*71*Math.pow(10,-3)+getVariable(6,k)*1*Math.pow(10,-2)*getVariable(8,k)-getVariable(7,k)-95*Math.pow(10,-4)+35*Math.pow(10,-6)+getVariable(7,k);5*Math.pow(10,-9)+getVariable(7,k)-getVariable(3,k)*93*Math.pow(10,-2)-getVariable(5,k)+getVariable(8,k)-99*Math.pow(10,-8)*79*Math.pow(10,-3)*getVariable(7,k)*getVariable(7,k)*getVariable(7,k)*getVariable(7,k)+getVariable(3,k)-getVariable(3,k)+getVariable(8,k)*getVariable(8,k)-99*Math.pow(10,-2)*getVariable(1,k)+94*Math.pow(10,-4)*getVariable(1,k)-32*Math.pow(10,-1)+getVariable(1,k)-99*Math.pow(10,-2)+98*Math.pow(10,-3)*getVariable(6,k)*99*Math.pow(10,-5)*getVariable(6,k)-96*Math.pow(10,-3)+getVariable(5,k)*getVariable(6,k)*99*Math.pow(10,-5)+99*Math.pow(10,-5)*getVariable(5,k)*getVariable(6,k);99*Math.pow(10,-1)*getVariable(8,k)-getVariable(2,k)*98*Math.pow(10,-4)+16*Math.pow(10,-1)+getVariable(5,k)*76*Math.pow(10,-2)+99*Math.pow(10,-3)*getVariable(6,k)+getVariable(8,k)-22*Math.pow(10,-3)-97*Math.pow(10,-3)*getVariable(2,k)-99*Math.pow(10,-3)*getVariable(5,k)+getVariable(8,k);getVariable(8,k)-getVariable(3,k)*50*Math.pow(10,-2)+getVariable(5,k)+getVariable(8,k)*getVariable(8,k)*1*Math.pow(10,-1)*getVariable(3,k)+getVariable(6,k)*78*Math.pow(10,-3)+getVariable(9,k)*getVariable(9,k)*64*Math.pow(10,-5)+getVariable(6,k)-getVariable(6,k)+99*Math.pow(10,-3)*getVariable(8,k);getVariable(7,k)-getVariable(3,k)-95*Math.pow(10,-3)-getVariable(5,k)+getVariable(8,k)*getVariable(8,k)-99*Math.pow(10,-3)*getVariable(8,k)-96*Math.pow(10,-2)-getVariable(7,k)*2*Math.pow(10,-8)*getVariable(1,k)*99*Math.pow(10,-2)*getVariable(7,k)*18*Math.pow(10,+1)*getVariable(8,k)+99*Math.pow(10,-3)*getVariable(5,k)-40*Math.pow(10,-3)*getVariable(7,k)+87*Math.pow(10,-3)*getVariable(3,k)*getVariable(8,k)+getVariable(2,k)*getVariable(3,k)*99*Math.pow(10,-8)*getVariable(6,k)+getVariable(4,k)-getVariable(4,k)-getVariable(2,k)-92*Math.pow(10,-4)+getVariable(2,k);
25.2;27.818838520000014;25.692807802759997;28.799265440512002;26.279850802790005;25.84084;24.34159600000001;26.771606;23.717533729864;26.256967332000002;26.34933776;22.78932571;25.900500920000002;26.308619271999998;29.42623353984001;26.00824181000001;28.079197724416;29.474600990000003;27.3488978;25.13386999999999;29.03100600000002;24.088328;30.0473336;29.810354961904025;23.60871733;26.479246785079795;26.26241945983999;29.673883329150794;23.957380000000004;24.18156;28.720927189440033;
34.8;34.03513047999999;36.39074332548;40.153708424456;36.43309591712;35.874279999999985;30.943995999999984;35.87582;36.945641236624006;36.37298224;33.69233836;35.291360666;34.24881976;35.579900092;41.22663356392;35.62490864;39.62837414280799;44.83760099000001;41.530049600000005;40.761270000000046;44.9561544;36.169618;41.51276039999998;34.01649919872801;34.72452468000001;36.430211418453325;39.00562417463999;39.67992169926847;35.32056;37.275560000000006;43.327917526912;
29.8;32.53888376000002;33.52486181092;34.536281036264;33.55599150184;33.62775999999998;31.774396000000003;33.85752800000001;32.75236452470401;32.902975316;32.51107259;31.323661524000002;30.643713140000003;31.646361123000002;34.21282872648;33.87757236;34.508910132151996;34.165200989999995;33.856531399999994;33.14267000000001;32.3677352;30.871689000000007;35.342278400000005;33.04753020422602;32.29936212999999;33.629835104354925;32.11894180283;34.62550514921503;32.392880000000005;29.505240000000008;35.531037325192;
46.0;46.70936087999999;45.05139646917;38.94306866178901;44.40828006942999;44.866270000000014;47.196796000000006;44.61124;43.86990467635199;44.753416820000005;46.77723296;46.83613519999999;46.837579360000014;47.11156771200001;38.88026925073;44.69828949000001;39.62728167222701;38.79400099000001;43.312374099999985;45.31057;39.76336279999998;45.167637000000006;37.24257089999999;43.775540774832;45.70600000000002;45.323368792353946;43.23451792096;38.70547981380809;44.99204000000001;47.86975999999999;37.79709456832802;
17.8;20.412580899999995;23.042641858999996;16.902329100999996;23.574187688689996;23.337579999999996;29.482395999999994;23.716429999999995;27.392173062799998;27.044552619999994;24.437658990000003;31.253076211000007;26.834187610000008;25.104364203;15.182276569999999;23.478806210000005;17.253847583;12.786700989999996;21.733091699999996;22.145070000000004;16.024658800000026;33.029537;13.626879999999987;24.883125321741012;29.11585596999999;22.192176826439777;23.064128101189993;15.156617244989999;29.577280000000005;31.010559999999995;13.31119796626001;
28.5;29.094325459999993;28.58468944467;31.608762312638998;28.781852513839997;28.804510000000004;27.264796000000004;29.733393999999993;28.212765982254002;30.3820498;28.67251811;27.965300905000007;28.174680480000003;28.333713666999994;31.692777385230006;28.75187936;31.036947103777017;31.058100989999993;31.129911999999983;30.96547000000001;27.78162880000002;29.332469999999994;32.01710089999998;31.79687453370402;28.34011925;29.485058229529727;26.0964167506;32.926359056082916;27.88328;28.632399999999986;31.353559614283995;
37.9;36.25245568000001;36.55582155283;33.943121442950996;37.09769693736999;36.829329999999985;37.62079599999999;36.695980000000006;35.342715928316;37.31568591999999;36.326099389999996;37.71255871000001;37.07635127;37.270541083000005;33.194258711070006;37.12641189;33.87636047959299;32.77720098999999;32.0174641;32.539970000000004;30.224053199999986;37.178473;33.85552489999999;36.39361024309704;37.30249924999999;37.85885943208535;33.996334694309986;34.460486852528184;37.88796;36.45835999999999;34.016172320542;
46.8;40.47742976000001;40.34569522707999;44.057956690175985;39.927839656809994;40.12864;41.75359599999999;39.706756;40.553968411712;39.315530736;40.51362336;40.55329927200002;40.016519679999995;39.351994592;44.50750290431999;40.05166821;44.059721552767996;45.255600989999984;40.72579019999999;42.46147000000002;42.573909199999974;40.53787799999999;44.563162399999975;43.010470488576026;40.99522611999998;39.98047104942896;40.481576399039994;43.952973695261505;40.329919999999994;40.98296;44.16455209523198;
27.2;28.735067500000014;28.542106215249998;30.922083487125;28.955234749999995;28.679649999999995;27.264796000000004;29.176009999999998;28.3588231373;29.574737;28.425349239999996;28.17666446999999;28.65279800000001;28.732844628;30.908698036249998;28.691900000000008;30.44403130887501;30.899600990000003;29.98908;29.061670000000017;30.387991199999988;29.419296;31.05159250000002;30.587253884800017;28.270819249999995;28.885359536509753;28.781429639919992;31.842784284711858;28.283899999999996;29.35603999999999;30.737147634600007;
49.7;50.76164496000001;49.567426389240005;48.137836440648;49.17644273437;48.940299999999986;52.035195999999985;48.24245999999999;49.395927181472;47.56516136;51.52455116;50.86128416;53.162817060000016;51.953634252;50.440227561360004;48.72297789;47.853795697463994;53.08470099000001;46.6842019;50.13946999999999;51.35562200000001;51.439136999999995;50.016131599999994;53.95220540926801;49.45647328;48.163158933918;52.320448302759985;47.91609878532544;50.20255999999999;55.485760000000006;47.874226046640004;
38.7;41.58211920000004;41.13109036476999;41.522325080109;41.1797299;41.028729999999996;41.350396;41.130520000000004;41.52039206912401;41.399499139999996;41.642277390000004;41.66374601599999;42.450010299999995;41.699837683000005;41.474746973129996;41.090181;41.569526943987;42.54230098999999;41.64589599999998;42.11077000000001;42.6568288;40.619276000000006;41.543588899999975;40.19419803691001;41.017821479999995;41.230353157093646;42.72955030231999;41.94894980492104;41.091100000000004;42.64324000000001;42.20470982990798;
48.9;44.73730016000003;44.32789152172;51.541543550023974;44.083629496389996;43.64385999999998;41.45119600000001;44.38109999999998;46.1065821076;43.894740819999996;44.81290000000001;41.786606645999996;43.298962599999996;42.838840000000005;53.42758460968;43.554691410000004;51.147323245831984;57.51580098999998;51.4194124;50.98767;56.82877319999997;40.642673999999985;54.30501239999995;45.95961743560001;41.881066929999996;43.77720233422127;49.0178698;50.63728253019712;42.07658;42.62703999999999;54.06018525039197;
42.2;34.17564064;34.801259025069996;32.779074370519;35.06905144381;34.95804999999998;35.80639599999999;35.043492;34.543019525676;35.56079526400001;34.07900059000001;35.54479049199999;34.87902358999999;35.063282723;32.11161089683;35.24064621;32.82936593861701;31.874900990000004;33.15147869999999;32.94037000000001;30.53095959999999;35.158303000000004;32.69233290000002;33.94562683626901;35.50981733;35.33866760001287;33.53200691481;32.73646043438515;35.80512;34.38876;33.190613198886;
16.8;19.864729280000006;18.996100093480003;20.473879658055996;18.708959480719997;18.828879999999998;24.190395999999993;19.54122;20.56228883324;20.469925999999994;21.25055475000001;21.142704440000003;20.381708299999996;20.249996075;21.07429111592;18.932562440000005;20.466580447607992;20.26930098999999;23.775342599999988;21.642770000000013;21.08021199999999;22.125262999999997;20.061450400000005;21.60922508805;21.158081919999994;18.071137980983963;21.389463387749984;18.792271816879673;20.668059999999997;17.77656;19.212549211860022;
22.6;30.92289679999999;32.240481499;29.470902878999997;32.346331687029995;32.42014;32.076796;32.10573999999999;31.843151584000005;31.569112000000004;30.945124000000003;31.22640150000001;30.382036200000005;30.930002799999997;29.028772030000003;32.72961669;29.631732096999997;28.15150099;28.925059899999997;29.106670000000005;27.836979600000035;30.997922999999997;29.726190000000013;31.051791202800022;32.129124999999995;32.14514490662086;30.057615795999993;29.09062931719;32.27984;29.50856000000001;29.99729204160002;
24.7;28.12918639999998;26.679151449000003;30.60127568899999;27.81497297888;26.95923999999998;25.29919600000001;28.136244000000012;25.0203482592;28.637187744000002;27.09580304;24.587618878;27.338713120000016;27.189851488000002;30.935943729999998;27.18388064000001;29.765371187000003;30.995800989999996;28.380445599999987;26.792070000000024;29.5043656;26.029692000000004;31.786350000000006;31.69172931600802;25.189720519999995;28.27217163111999;26.31501864543999;31.78919111719;26.245640000000005;25.43356000000001;30.50395022312;
32.2;28.053981499999992;28.067438111070004;33.44291442871901;27.447442100000004;27.712629999999987;26.962396;27.414030000000004;28.522524060566;26.55419724;27.66296891;27.391835524;26.937828500000006;27.380556427;34.04370187083;27.510941000000006;33.262942961217;35.50410099;32.850829;30.93256999999998;36.27637919999998;27.909639000000002;33.55965289999998;26.71435120759001;27.61530796999999;27.064749902093467;31.644931860569997;32.81335727779074;26.639000000000006;26.912239999999994;34.536312965196004;
28.2;26.64622828000003;26.92109907691;29.570515308966996;27.357108269359994;27.06162999999999;27.567195999999996;28.275761999999993;27.779033131984008;30.275468072000002;27.316736159999998;28.292225610000003;27.614149279999992;27.186143752000003;29.35823600419;27.08534816000001;29.211203821481007;28.952500989999997;31.95924079999999;31.27246999999999;28.157972;29.680137000000006;29.221922099999993;29.422589133815972;28.10056756999999;27.25262215263797;26.92883630736;29.87711076678194;28.188619999999997;28.36716000000001;28.93331724020001;
41.8;44.19591384000002;43.21281451652;41.173690475584;43.326627592959994;43.352500000000006;41.854395999999994;42.85167999999999;41.714045434704005;41.98184962;44.67402299000001;42.89480313200001;43.58663256;44.021500003;41.02805741888001;43.40765856;41.03979624691199;41.194200990000006;37.4374376;39.13967000000003;38.155873600000035;41.43070899999999;41.46951639999999;43.03417218830403;42.11542013;44.71341243612409;40.37016384303;43.046047504874;41.93592000000001;42.96363999999999;41.185257859456;
31.0;28.81604888000001;27.182527830119998;27.051038482503994;27.370451343679996;27.39411999999998;25.450395999999998;27.347804000000004;25.539416507304004;25.992641795999997;27.478982560000002;24.940065087999997;26.892626640000003;27.475243831999993;27.354830043280014;27.44317424000001;26.605379918471996;26.546500989999995;23.871239999999993;22.81346999999999;26.03163840000002;25.789140000000003;27.463124399999995;29.12747474515201;25.62320716999999;27.938516751790075;25.482155743999996;28.062487677599343;25.186340000000005;25.505400000000005;26.420490121312014;
39.7;37.08985319999999;37.39071376275;39.58739566037501;36.96813923875;37.26865000000001;36.91519600000001;37.08806;37.945870198;36.41094857999999;37.0529;36.65841023600001;36.329009000000006;36.28479;39.48495353874999;37.311365249999994;39.68330024362499;40.10650099;38.507864500000004;38.65757;38.94848920000004;35.884820999999995;39.858952499999994;36.68563064199999;37.02879027999999;36.995534305466606;37.983216699999986;39.67083441246188;36.3104;36.27384;40.55314679019999;
31.6;27.821538480000015;29.287564120519995;31.246449863384008;28.940711228479994;29.053119999999982;28.927996000000007;28.458236000000017;30.94401608591999;28.076792607999998;28.587784;30.973373120000005;29.005352799999994;28.971134799999998;31.00351466488;28.86441584000001;31.330320762312006;31.903900990000007;31.547596800000004;30.567870000000013;34.557327999999984;31.671636;30.06527640000004;26.86102734080002;30.363055879999997;27.909048274268173;32.635119192000005;30.308245443094407;29.834839999999996;31.298039999999997;31.31121300544001;
32.4;40.325148800000036;40.33836083274999;42.626111602375005;40.08047774583999;40.219629999999995;40.846396;39.472899999999996;41.480124068500004;38.56438644000001;40.58162475;40.243214376;41.14413420000001;39.469025075;42.81165847875;40.19729136;42.66504550962499;43.36680099;38.61933360000001;40.606570000000026;43.3327688;40.019226;42.918522499999995;41.5961680639;40.47180133;39.140014411205385;41.94575027799999;42.86606478846188;39.946279999999994;41.90604000000001;42.841560954399995;
37.0;33.30735104;34.312907466359995;36.84402002623201;34.66652966736999;34.370020000000004;33.991996;34.750348;35.204201521071994;34.667787092;33.21003596;33.44002064999998;33.97504026;33.119846812000006;36.45453728024;34.63641188999999;36.842793724376;37.021200990000004;36.624258299999994;35.92787000000001;38.24023;33.32293899999999;37.28502760000001;33.76482855270803;34.04686876999999;33.89596423330494;36.23526877091999;36.65584314337472;34.68666;33.14903999999999;37.92137489126;
28.7;26.080025999999975;25.14356724025;26.726473289624998;25.88519773624999;25.35954999999998;25.651995999999997;26.372300000000003;24.53104322225;27.222214599999997;25.97435275;24.967680630999993;26.04125925000001;26.059601674999996;26.84628296125;25.544035250000007;26.166504966375005;26.370500989999993;26.29313899999999;24.976969999999998;24.361424400000004;26.186547999999995;27.11180250000001;29.405306108624984;25.160109329999997;26.587007770577543;23.871511988500004;27.20291885846187;25.65720000000001;24.543360000000003;25.95845243070002;
24.8;22.610898599999985;22.433163339429996;30.21770621317099;23.029079663749997;22.427169999999986;25.651995999999997;23.74208;23.642414109927998;25.835274519999995;23.79539744;24.409660002999985;24.153928799999996;23.564452167999995;30.469621116469998;22.606507250000003;29.326512103052995;31.128900989999988;28.995889499999993;26.89927000000001;26.58113720000003;26.823553;31.27378689999999;31.045859181440015;24.180009329999997;22.542901752426133;25.11982327775999;30.25278817283882;24.783900000000006;25.022360000000003;30.199687332195992;
43.2;37.31235400000001;37.43250891025001;41.69010401562499;38.10899053003;37.54158999999998;38.52799600000001;38.31759999999999;38.1090689145;39.724313380000005;37.11841899000001;38.483672248000005;39.449844870000014;38.008531203000004;41.28789078125;37.80394269;41.184958544375;42.48780099;39.89211409999999;39.33537;39.9489092;39.053796999999996;42.675722500000006;40.05856102820302;38.06632772;37.69545657160741;39.68862181889;42.58241879762189;39.15234;39.54956000000001;42.57762761917999;
40.3;33.28601624000001;34.48374552243;34.551687068271;33.471139919289996;34.10964999999998;37.923196000000004;33.28837999999999;35.80530577936799;33.186536339999996;33.04203596000001;36.25444228799999;33.82013058;33.873776811999996;34.311561423469996;34.07152581;35.353306382353;34.56750098999999;36.5464584;36.96177000000001;36.2699116;35.385304;33.090226900000005;30.988249628484027;36.67702447999999;33.13869419005081;36.75088419391999;32.65034347754403;35.38488;35.14104000000001;35.385700380276006;
38.8;32.753995200000006;33.952887288999996;36.654245256;33.86027797887999;33.869139999999994;33.79039600000001;33.843140000000005;35.43434387400001;33.404959700000006;32.66456275;33.15383522600001;33.4276488;32.697423674999996;36.37085992;34.06388064;36.72533780799999;37.13490099;36.163287200000006;35.55047;38.118616799999984;33.033929;37.056090000000005;32.86473800380002;33.778661729999996;33.10250705145489;36.34872387674999;36.296341120639994;33.795640000000006;33.44884;38.0027894608;
36.2;36.341497300000015;38.21457181951;32.413164871987;38.44184315;38.363109999999985;31.800796000000005;37.894089999999984;37.682593875994;36.85697587999999;35.71216491;37.100827469999984;36.3832368;38.412817627;31.68621350559002;38.116376;32.574855315341;31.82100099;34.26038000000001;35.49917000000001;35.19679439999999;37.27039499999999;30.869416100000013;32.82135404496002;36.487333250000006;38.59110695185984;35.53555697685;33.688376205372265;36.77000000000001;38.801599999999986;31.97158095704802;
27.0;24.19436680000001;25.924043278280003;22.896456684215998;26.54033317625;26.25321999999999;29.179996000000003;27.079569999999993;28.237479317456;30.040476260000002;26.67974091;31.30085794;28.388490450000013;27.831484827000004;21.796410667119996;26.372167250000007;22.602326254487995;20.371500989999987;25.295507999999998;25.418870000000005;18.30366600000002;33.31746199999999;21.49856639999999;30.465351357385003;29.72763973;26.589155381013768;24.01870354175999;23.207807865217585;30.173800000000007;32.36096;20.789814310129998;
36.6;48.83902608;47.035719651989986;51.448346396323;47.08910968144001;47.004670000000004;38.729596;47.56988799999999;46.19175285583199;45.05305214799999;49.47028876;41.55148198399999;44.261051080000016;46.01942897200001;52.345848121109995;46.984053960000004;50.59210240898898;54.74760098999999;46.387087199999996;46.398970000000006;49.17817440000002;39.286812000000005;54.61743409999998;48.581729085784;41.35332591999999;48.600823303395686;45.615673428959994;54.46097638568649;41.08628;41.92896;53.00002518577598;
33.2;29.697017200000005;29.067213895249996;31.041123487125;29.56750900472;29.21340999999999;26.760796;29.233226000000005;28.20579276265;28.629009959999994;28.728070510000006;27.42400856500001;28.93219816;29.017341946999995;31.177698036250003;29.242149440000002;30.604417108875005;31.237500989999994;28.303849599999996;27.21697;32.44599680000002;28.37880800000001;31.268422500000007;29.961126831728023;27.822843249999995;29.277044182338386;29.937928098339995;32.01730212931188;27.919359999999994;28.96736000000001;30.978613024580028;
52.5;61.94439359999997;60.09589733525;60.069765391125024;58.331591861679996;57.40788999999998;50.321596;59.22665199999998;68.48971038910001;57.886814952;62.51670699000001;49.888080812;55.44552431999999;57.600514803;71.31321931625;56.85621024;58.61246928087499;82.35420099;71.99163119999999;72.67397000000003;81.87523119999997;49.026544;73.31208250000003;72.82954840380802;51.28260676999997;57.52339742505693;64.49470899218;47.327680799711906;51.772439999999996;54.32004;63.3731161724;
32.9;29.757900000000006;30.344020567749993;30.36451267187499;30.77515590125;30.49945000000001;28.52479600000001;30.600260000000006;30.333613492499996;30.8578305;29.73280204;30.67580953000001;30.3144137;30.704901787999994;29.97843859374999;30.47504525;30.08217972812499;29.929100989999995;29.527641499999994;29.13307;29.86134279999999;31.554336999999993;29.781352500000008;30.508977587420027;30.356133;31.28124949979224;29.404732764040006;31.28972185537188;30.477000000000007;31.365960000000012;29.899650884900012;
29.8;21.334451840000014;20.435433431080003;30.109553790975987;20.741553836239994;20.374899999999993;24.341595999999996;20.862931999999997;21.861596444999996;21.612869524;22.190875000000002;21.380307134000006;22.017360600000004;20.2540825;30.83279356032;20.498746760000007;29.413100227167988;30.858800989999985;26.150302600000007;24.257969999999993;30.34177840000001;23.893720999999996;31.212862399999985;27.931189054600008;21.806917329999987;18.5821179760068;25.297561875;29.62166019419911;21.99538;22.033640000000002;30.106505551151997;
33.3;30.662597599999998;33.881022509;37.766209718999995;33.391090999999996;33.53439999999998;31.851196000000016;32.74651999999999;36.28296773460001;32.3100332;31.946779310000007;36.06014736;32.719246000000005;32.653882307;38.20679083;33.1754;37.325414136999996;40.232000989999996;36.386579999999995;36.98037000000001;38.92591200000001;38.206609;38.25432;34.26420166980001;34.954182720000006;31.4794157049312;36.580103741369996;37.40180295618999;34.8249;39.41424;39.49293832400002;
40.6;44.14169080000002;43.33433451106999;39.414094428719;43.75035362125;43.34773;43.870396;43.27839999999998;41.268425316907994;43.83999692;44.460802510000015;44.646812800000006;44.46095255000003;45.134057347;39.10420187082999;43.44984525;39.711854261217;39.71830099;39.93461899999999;40.917370000000005;39.82178999999999;42.428087999999995;38.49469289999999;40.427654471645035;43.250199730000006;45.668226106684784;41.318317437139996;39.94538860579076;43.95680000000001;43.780759999999994;39.46295867814999;
19.7;24.421608240000012;22.54958906283;26.29695744295099;22.274215083439998;22.54195;24.039196000000004;22.703894000000002;21.948289455622003;21.882215624;23.933668590000007;21.378283922999998;22.437785240000004;22.388537323;27.123158711069994;22.562420960000008;25.914207739593;26.313800989999987;23.703799200000002;22.29437000000002;24.614169599999997;22.406432000000002;26.9640449;25.892059055256013;22.18133076999999;22.392146505029018;22.481254284539986;26.176567868528174;21.419679999999996;19.534959999999995;25.845041809228007;
37.5;31.74563040000004;31.953195959;39.088281087000006;31.74682407076999;31.65826;28.020796000000004;31.755930000000003;31.6391239448;31.2113476;30.622542240000005;29.743731319999995;30.109008280000005;30.927171727999998;40.073302590000004;31.450721090000002;38.391489441000004;42.35820099;37.01855209999999;35.65147;40.31508439999999;30.812043;40.640269999999994;32.67928074183199;30.144272;31.63571462514821;34.31110062735999;39.68406143879;29.679560000000002;31.329559999999997;41.41392148884003;
39.3;44.357299919999974;43.29001811589;42.654916643253;43.16792339535999;43.31160999999998;41.45119600000001;43.09754000000001;42.551751985032006;42.067072919999994;44.675147960000004;41.893076366;42.733815719999996;42.87721321200001;42.85118634120999;43.28077716;42.696150337979;43.07320098999999;40.677643599999996;42.333569999999995;41.824727199999984;40.41866399999999;42.98529809999997;43.541022270696025;41.86126692999999;43.98172001044142;41.14292040871999;43.79272715124282;41.34122000000001;42.05223999999999;42.53731975620799;
27.0;26.139733239999998;26.940912905159998;21.287667019992;26.388582643520003;27.075520000000004;28.373595999999992;26.480020000000014;28.474814178903994;25.830804900000004;27.287080760000006;29.77230183200001;27.30305584000001;27.393126372;20.235994763440004;26.924831840000007;21.886342018056;18.24860098999999;23.859393599999986;24.09487000000001;21.63547520000003;29.839107999999996;18.339939599999987;23.101019634768004;29.15129973;26.559595622819188;25.021654152240004;20.260888710052456;27.935460000000003;27.582760000000004;18.725658717024004;
22.6;23.781992360000032;22.782193067719994;26.560202491223997;22.37853933344;22.610560000000003;24.895995999999997;22.940047999999987;23.19535806744;22.878147104;23.98401100000001;23.003788608000008;22.89291640000002;23.042336699999996;27.139895893680006;22.592420960000005;26.399239987432;27.049600989999995;27.05658079999999;25.04017000000001;26.810355200000004;23.749408000000003;26.521792400000002;24.18903804040001;23.335790279999994;22.36916429618381;24.687228883999992;25.78255238827072;22.55328;20.674760000000003;26.203732965856005;
44.6;44.00528928000004;43.91285256548;45.87963642445601;43.37107814872;43.24288;46.99519599999999;42.71763999999998;45.049596123040004;42.566183519999996;44.224219000000005;45.221474623999995;45.71567220000002;43.9622843;47.28483356392;43.06678644;46.10866322280801;49.59890099000002;45.7287994;47.982670000000056;50.750512800000024;45.263617;46.386440399999984;46.71359607020001;44.98226227999999;42.455925882509575;47.56292566900001;43.63955752646847;44.98296;47.32616000000001;46.067061393928;
39.7;40.758691999999996;40.376168937749995;37.535012671874995;40.45723826416;40.445469999999986;38.83039599999999;40.31776;39.32622437300001;39.589120040000005;40.97236396;39.268741812;39.28277988000001;39.746128412000004;37.26003859375;40.52955636;37.982365028125;37.094000990000005;38.22618619999999;39.047170000000015;38.916921599999995;37.001593;36.838192500000005;37.05560917125602;39.27920573;41.50595761355953;38.344933522839995;37.71961373697189;39.09942;37.95216;37.72171446079999;
43.7;36.66175896;37.35180717519;42.23637484516299;37.09247699527;36.99684999999999;38.729596;37.10728000000001;38.41566691654;37.36906274;36.459892749999995;37.71331484000001;36.879302050000014;36.302854675;42.462842319909996;37.02908709;42.427437057108996;44.13550098999999;42.245512199999986;42.02417000000004;44.34581400000002;37.183986000000004;42.399356099999984;36.97650176457501;38.05662591999999;36.61186943057797;40.841710014499995;41.16471925127385;37.90706;37.15364;43.642394439059984;
44.4;45.61332288000001;45.035287030759996;54.799182618112;44.67028703896;44.060979999999994;48.204796000000016;45.035247999999996;46.507580071743995;47.43597256;45.24467779;46.884992719999985;47.54649173999999;46.131321563;57.85483517184001;43.925167560000006;53.676424461215994;63.14830099;54.3370462;54.27207000000003;55.93057519999999;48.736543;59.204063600000026;51.460594230534014;45.84301700000001;43.82708195070768;51.50042735131001;53.95264838436839;46.75302;50.05716;57.711340634227994;
29.2;26.873609200000004;27.939662368359997;26.774718506632002;27.66195563;27.99015999999997;28.625596;27.346539999999997;29.454114509055998;26.82166728;27.85650336000001;30.191242991999985;28.05296160000001;27.731490592000004;26.088942708240005;27.840941;27.032555731576018;25.171800989999994;26.576993000000005;26.703870000000027;27.145783199999983;30.747153000000004;24.8254076;25.83091386624001;29.70019088;27.527739468293902;27.523490018239997;26.124575769173116;28.9292;28.938360000000014;25.358459127104;
32.9;27.72030368;26.449807678519996;29.147212969984;26.853110384329998;26.48272;25.34959599999999;27.041414000000017;25.284382481544;26.781024788;26.767226909999998;24.687644937;26.520299590000008;27.023599027;29.55363682688;26.57879429000001;28.684375456112008;29.956200990000003;28.4097127;26.236569999999997;30.311369199999973;25.497318999999997;29.648136399999995;28.159381425417017;25.14622893;27.220674837309446;27.65493842657;29.582794898173194;25.295039999999997;24.809040000000007;29.124089772746004;
37.5;32.575211240000016;34.282019353319996;32.00980686554399;34.133081687360004;34.34499999999999;30.742396000000014;33.575080000000014;34.909347714848;32.283260639999995;32.620069439999995;34.395440464;32.82056144;33.238955567999994;31.490752536079988;34.05964016;32.23578068719201;31.221500989999992;31.981851199999987;33.323170000000005;33.811011200000024;34.793568;30.447180400000008;30.030508119743967;34.096523719999986;34.328930730808935;31.886359271360007;32.021933557988476;33.70052000000001;34.44555999999998;31.423485082496;
42.0;42.997096;42.690536909;43.557747903999996;42.776373789999994;42.621699999999976;38.124796;42.183519999999994;42.38274351520001;40.068146;43.60509216000001;39.71073274;41.23865520000002;41.613661952;43.789561279999994;42.680181;43.519016371999996;45.30740098999999;39.77035;40.44627000000001;45.75750240000002;37.266149999999996;44.42961999999999;40.32167563264001;39.519877;43.6773174375264;42.960389784;44.54099940724;39.5006;39.38960000000001;44.91108931679999;
21.5;26.540889840000006;25.28988984531;26.924964654647;25.719075992869996;25.418169999999986;25.248796;25.796203999999992;24.409081885698008;25.542499399999997;25.968415389999997;24.239628315000004;25.672102230000007;25.782161283;27.243503761790002;25.53883589000001;26.49767495172101;26.85310099000001;25.107036100000002;23.610869999999995;26.387879599999962;25.163482999999996;27.251868100000017;27.873824966047003;24.67869925;26.174365430053;24.912796588009996;27.24510950548723;24.762159999999998;23.54416;26.342179880312017;
24.1;26.89388919999999;26.85269049172;28.449638401024004;26.682593090000008;26.908179999999987;27.113596;26.643380000000015;27.399292081696007;26.13407208;27.09273616;27.53441851800001;26.839725999999995;26.787778751999998;28.370948679680005;26.831429000000007;28.237959228832015;27.836000989999995;26.344728000000003;25.76087000000001;27.127364800000038;28.541256;27.965442399999993;28.003160629119996;27.55252148;26.749956153114056;26.559670076480003;28.622191102775105;26.803400000000003;27.190040000000007;27.785041940944012;
27.6;21.617078480000004;24.599595056520002;26.749954475583998;24.65748255608;24.34222;29.532796000000005;24.74878800000001;28.68708041424;27.98119624;25.099656000000003;31.349461329999983;26.550290400000012;25.511413199999996;25.660457418879997;24.305164040000008;27.092150086911996;26.21650099;31.752296;30.59847000000002;28.476686400000006;32.359919999999995;24.11270639999998;23.748923127200015;29.458997000000004;23.837130093745913;28.97502876;24.144272454673978;29.791639999999997;29.219000000000005;25.48685181331203;
38.6;29.996333520000036;32.12791995058999;30.034331329143;32.48065444331001;32.15281000000001;30.591195999999997;32.54245200000001;33.14345557469801;34.243910631999995;31.002647790000008;34.313479505000004;31.992538309999997;32.528145562999995;29.08577260851;32.04475421000001;30.21488081424901;29.343900989999987;34.122300199999984;34.21356999999997;31.188885999999997;34.671528;28.058980099999996;28.751503949938975;33.17388797000001;33.547053532225476;30.714074327060004;29.808296008830588;33.64772000000001;33.770559999999996;29.223288882600002;
39.7;37.550092800000016;37.77208288531999;43.762982573944;36.77463636624999;37.47658;36.411196000000004;37.27822000000001;39.449840598959995;35.94421121999999;37.44581900000001;35.96011892;36.0788401;35.6359543;44.13090992408001;37.37713125;43.64268807839199;45.379500990000004;41.454117499999995;41.57107000000001;42.84731400000001;35.735586999999995;44.96520040000002;39.13887824650001;36.79454093;36.07436584642201;39.75868400899999;43.98666511973567;35.331300000000006;36.94536;45.148469647140004;
17.3;22.63509411999999;21.53378308036;23.183802756032;21.219096813439997;21.50313999999999;24.694395999999998;21.803504000000004;22.232952165440004;21.842050416000003;23.195204750000006;22.438255115999993;22.22348579999999;22.068251074999996;23.662217466240005;21.54242096000001;23.000865815776;22.610700990000005;23.24318079999999;21.831370000000014;21.998796800000008;23.542367999999996;23.081567599999993;24.486114271700032;22.72291651999999;21.016254642116934;21.986260158999997;22.43189608360552;21.94238;20.36176;22.111197602695995;
12.5;16.38279023999999;18.232726670279998;15.660226448615997;18.424250609839998;18.276400000000002;27.214396;18.570275999999996;23.139440461880003;21.599353263999998;20.721032750000006;26.557974263999995;22.165449300000006;20.862032675;14.904263975120001;18.482060360000006;15.68116171368801;13.19530099;18.041912;17.472069999999995;12.380907199999996;28.68746;13.837026400000012;24.387336558550025;24.83379952;17.17189905386425;19.54341556499999;13.253281421678391;24.90598;24.778000000000002;12.804641549776022;
26.0;27.518464800000004;25.87373518525;23.899147078124997;25.831075452079993;26.027889999999985;25.198396000000002;26.296058000000006;24.59982505975;25.344943572000005;26.56259475;24.382286703999995;25.870743600000004;26.754984075;24.183373906249997;26.084191040000007;23.58420568187501;23.183700990000002;23.671808799999997;22.254170000000016;23.11833120000003;25.163895999999998;24.01176250000001;27.52349351620001;24.870465119999988;26.490378873386135;24.183615637999992;24.426908586171884;24.216540000000002;24.717039999999994;22.891825971900005;
33.3;25.474078719999994;25.928469427240003;24.905370653248;26.020637346559994;26.039859999999983;27.415996000000007;25.724215999999995;27.127365383104;25.748434367999998;26.390890360000004;28.067611127999996;26.881531680000013;26.531244492000003;24.431074143359993;26.04944096000001;24.879722059263997;23.521500989999986;24.020987999999992;23.41337000000001;24.747403200000008;29.05552499999999;23.658521599999986;26.542518994176;27.621901279999996;25.773730258534584;26.0414963426;24.595224541973824;27.266119999999997;27.7026;23.464348038944024;
32.7;26.957609359999992;28.14754140511;30.445470036107;28.115181864230003;28.100049999999975;28.726395999999994;28.678792000000005;29.633205048255995;30.219079428000004;28.04450336;30.427330273999985;28.265187840000003;28.224560592;30.074270533990006;27.991511090000003;30.327649956500995;30.247200990000007;32.8011107;32.262270000000015;29.430481200000003;31.416959;29.4875901;28.379536576052015;29.81599731999999;28.465165448374734;28.377518192319997;30.12914305574459;29.520640000000004;29.832439999999988;30.03410243152402;
28.7;28.40978460000001;26.16308301449;28.628255749073;27.48533000374999;26.473989999999993;24.24079600000001;28.131039999999988;23.362773362314;28.31065148;26.783740910000006;22.83036358999999;26.85903515;27.307954827;29.13349643860999;26.789155250000007;27.758089802238995;29.327900989999996;28.240118499999994;25.93207;28.275758800000006;24.002283;30.086844099999997;31.172543242455014;23.621773249999993;28.444323211642086;25.329299433689982;29.728135534292495;25.084400000000002;23.322560000000006;28.42849147642599;
37.5;35.5192816;35.76651085507999;32.85421910077599;35.18574508;35.682520000000004;40.846396;35.34784;37.1264255836;36.70960394;35.131275;39.461724561999986;38.27413560000001;37.058457499999996;32.11256434631999;35.728823999999996;33.400590268567996;31.37550098999998;36.18839199999999;37.02687000000002;32.029445599999974;39.515226000000006;31.168792400000005;34.23931251999998;39.03630133;34.58186223717121;36.53814919999999;31.9199602116947;38.1263;40.53504;32.552775696736006;
42.4;35.303702560000005;35.43566255251999;41.772115566784;34.95348766424;34.86766000000001;28.423996000000017;35.081568000000004;34.408591680992004;34.071375904;33.07663659000001;30.672715888;31.719993139999993;33.355621923;43.73536420287999;34.52739476;41.245532168512;47.12520098999998;42.737352;41.57946999999999;46.63225920000002;30.6227;44.0378964;32.120701179446044;31.655123680000003;36.08057506843889;36.227733811399986;41.093110221635605;31.023580000000003;30.581200000000006;45.57508353619599;
28.9;27.643749519999986;29.558040972730005;27.722039353280998;29.90356302883;29.661909999999995;33.387196;29.753188;30.655478777664;31.03112962399999;27.322388639999996;31.251714172000007;29.669652520000003;29.374811808000004;27.121637669169996;30.034588290000002;28.081820634783003;26.367200989999994;30.101611399999992;29.75596999999999;28.046736399999986;31.942047999999996;27.1793829;28.735860281968037;32.10239332999999;28.453552078986576;30.62696336895999;26.212508040734754;32.82954000000001;29.78856000000001;28.091966588543997;
35.6;36.70600791999999;37.37964144189;33.874657223452985;37.45137468031;37.602909999999994;31.975995999999995;36.382203999999994;36.319586134607995;33.405070536000004;37.37082656;33.129659403999995;34.59373408;34.884735632;33.65703285521;37.81363221;34.067067736579;33.24160098999999;29.11043839999999;30.35117;35.705387599999966;30.92834599999999;34.42351809999999;33.10119821369602;33.76008356999999;38.12650412254587;34.85213730527999;34.61091733455563;33.66022000000001;32.27864;34.867940075983995;
44.7;42.26072144000001;42.04207954507999;45.688589299776;41.40662293549;41.391399999999976;44.97919599999999;41.536295999999986;43.88915850208;42.267308608;42.02829100000001;43.26227089199999;43.57461169999999;41.75928270000001;46.876608776320005;41.230991010000004;45.89584144556799;49.17270099000001;47.98912949999999;49.02007000000003;50.31494840000002;43.382825000000004;46.189142399999994;44.397003087700014;43.264055880000015;40.03018188698874;46.711965684999996;43.58858560987273;42.94948000000001;45.288000000000004;46.336574575504;
31.9;33.994945959999995;38.019751917159994;33.82923577939201;37.29123065407999;37.6945;33.766395999999986;36.190948;40.45068588067201;33.747870992;35.085893240000004;38.96368501800001;35.51723208000002;35.453886428;33.66335022144001;37.15739504;34.50530187225599;34.448700990000006;36.8586136;39.74596999999998;40.98545840000003;39.78637200000001;31.940729599999994;30.848399980687994;38.17893332;35.384030475423856;37.16681367263999;30.472110372588908;38.15744000000001;39.57716;33.58539850204804;
25.5;25.95510471999998;26.660809139559998;24.892846735872;27.407708435839996;26.840139999999984;27.869596;28.105483999999983;27.669946217096005;30.697375188;27.105195310000003;29.273740164000003;28.38219108000001;28.454862506999998;24.191329335039995;26.987291360000008;24.719819516896013;23.84980098999999;29.775777600000005;28.408070000000006;25.208942400000012;30.355415999999995;23.714535599999984;28.04506411868399;28.371752929999996;27.52935927497367;27.158579823980006;24.853573779506945;29.051479999999998;29.584640000000004;23.481324233327996;
29.0;32.544128;33.720919897959995;32.29756013655201;32.94114484;33.62955999999999;32.983996;32.75394;34.332372587840005;31.353143779999996;32.58456275000002;32.289501462000004;31.398322600000004;31.851063675000002;32.138483442639995;33.7119;32.738999082136004;31.738300990000003;32.00005999999999;32.379270000000005;32.76480080000002;31.319232000000003;32.153901600000005;30.355439703700007;33.21611917;32.89704083759881;33.1464321665;31.81781712524063;32.1134;31.189960000000006;33.33990213283201;
51.5;53.978450559999985;52.71887722902999;53.83004978049102;51.39426756271;51.27108999999999;50.321596;51.19345200000001;55.47960300258;49.243496352;54.62716475;49.57144402;52.015848750000025;52.716343075000005;58.95590876887;50.84211381;53.276557501812995;64.96580099;56.27479509999999;58.32677000000004;62.716442;49.075549;59.25538890000001;59.38368446597501;49.36200677000001;51.07562641956305;55.91167430575001;49.59203372272027;49.22172;53.04044000000001;55.52396267132001;
39.9;37.964780000000005;38.10213974899999;37.838275687999996;37.92892447;38.073100000000004;38.628795999999994;37.78154;38.555369569999996;37.51947010000001;37.98356875;38.24986065000002;38.19296250000001;37.55394187500001;37.55225416;38.142669;38.132884284000006;37.58790098999999;37.54889099999999;38.36567000000001;38.427256;37.335593;37.379009999999994;36.66254023375002;38.38823325;37.796205101205516;38.420169118749996;37.742820075840015;37.948600000000006;38.15636;38.193292468999985;
31.2;26.73003263999999;27.75808280229;30.512671444932987;28.306379906629996;27.800829999999987;28.272796;28.450508000000013;28.874309355668;30.2664962;27.710955640000005;29.84573556000001;28.66115202000001;28.432926707999997;30.162416018809992;27.84189989000001;30.120632596219;30.637600989999985;31.095205599999982;30.037169999999996;29.811062800000002;31.220281999999997;30.086322100000004;29.981215419227986;29.152713249999998;28.371211024265023;28.948426479039995;30.749725724273528;29.641540000000006;30.327559999999988;30.225416168576004;
23.9;23.801571679999995;25.151932398919996;21.993295399863996;23.960163180079995;25.256919999999997;28.827196;24.396620000000002;28.224022289488016;23.654020880000004;26.00210124000001;29.92785787199999;25.708714680000014;25.110474028;20.908220378479996;24.971572040000005;22.500594826952014;18.47010099;22.987753599999998;23.98477000000002;19.152786399999968;30.902391999999995;19.123248400000005;23.993436578088016;29.119552319999993;23.50480620149054;23.389256360640005;20.717832892051828;27.185640000000003;28.217160000000003;19.32418544679203;
40.8;32.98382959999999;34.053953166839996;34.01288038176799;34.10823470875;33.978339999999996;37.923196000000004;33.95601999999999;35.664960830304;35.191278479999994;32.67081804;36.177003528;35.39668330000001;33.80756698799999;33.47166247975999;34.147181249999996;34.619532909624;33.268500989999986;36.655007499999996;36.95906999999999;37.2696196;36.05731899999999;32.6435476;31.90326231230003;36.55822447999999;32.79092794136321;36.99072409787999;32.47404868660671;36.697199999999995;35.90224;34.30092209982399;
32.4;30.997686999999985;31.671506659629994;31.735801073511;32.473889869999994;31.876270000000005;28.927996000000007;32.676109999999994;31.505346453263996;34.100704099999994;30.802260160000003;31.493048892000004;31.722489600000014;31.944081552000004;31.35527037027;31.884956;31.433687915673005;31.440600989999993;33.55689599999998;33.18567;33.11357680000003;32.41502399999999;31.2191909;31.203034848560016;31.23425588;32.46006956750182;31.486922025919995;32.8415550958917;31.902200000000004;32.856439999999985;31.434319037064;
46.1;42.61295344;42.45460597331999;46.028258865544004;42.59057968050999;42.12009999999997;44.979196;42.055899999999994;42.4884410568;43.03122;42.75147500000001;44.483284504;44.643954099999995;43.58666750000001;46.692552536079994;42.141455009999994;45.755996407191994;48.96570099;43.3932215;44.42147000000002;46.3292108;44.481815000000005;46.92284039999999;44.351613022700015;43.46205588;42.7235705275566;45.17238487499999;46.12529180678847;44.194120000000005;45.502;47.050700299708;
31.6;31.947671920000005;33.75423801543;32.184161463371;34.001364409279994;34.01371;30.943996;33.641438;34.613719567832014;33.420360003999996;32.39491984;34.73719749199999;33.286687920000006;33.186744448000006;31.54445953047;33.819402440000005;32.03496884165301;30.82180099;31.18910239999998;32.70477;32.0118928;36.246627999999994;31.148426899999997;32.994964296047996;34.18992468;32.812686070631116;32.27698845536;33.486770129169216;34.20924;37.36476;31.43750530850403;
25.2;30.160386399999993;31.659029608389993;31.211223231002993;31.640459979999996;31.714989999999993;30.665596000000008;31.829439999999995;31.576580601744002;30.9859589;30.09372944;29.724802216;29.0644972;29.800887568;30.968103608709992;32.000181;31.38702089622899;30.760400989999983;32.300107;31.463970000000007;31.31697360000001;29.419987000000003;31.736318099999995;29.86965246136;30.875474719999993;31.17984333519354;31.21993755023999;30.729121539458816;31.084800000000005;27.93936;32.341863206903994;
19.7;23.522967599999987;21.26957982308;22.886727501375997;21.565348849999996;21.384219999999978;23.333596000000007;22.474179999999993;20.555699093384;22.397660979999998;23.147334560000008;20.059203662;22.312122400000007;22.025888232;23.754970088319997;21.58546100000001;22.370715894368;22.667200989999998;23.58671199999999;21.675869999999996;23.071103199999982;21.671322;23.868122400000008;26.507430313440018;20.808361729999994;20.953274848374917;21.61483196575999;22.691867826147902;20.878700000000006;19.915959999999995;22.006635977695993;
24.2;29.148624400000017;30.953795353569994;30.320073893468997;30.795277168749994;31.021629999999973;31.270395999999998;30.308799999999998;31.36869822242001;29.55661018;29.165694750000004;29.891706424000006;28.92205515000001;29.162754075000002;29.996442028330005;31.29085725;30.464082830467007;29.35490099;27.9918665;28.40617;28.933373200000034;30.201649000000003;30.760572899999996;30.517823407074985;31.10573347999999;30.07496563593807;30.13309217324999;29.764366646808753;31.006499999999996;28.52724;31.097461210082002;
43.5;34.13191432000001;34.84619431769;33.662293277912994;35.55446243400999;35.18131000000001;32.076795999999995;35.532099999999986;34.31726055890401;34.62202778;34.314653240000005;32.5088095;33.99212774000001;33.718468427999994;33.07304623740999;35.57252901;33.407857360358996;33.013900989999996;32.2653945;31.79336999999999;33.001398800000004;32.151555;34.720646099999996;34.804649623044;32.980524999999986;35.61571037683947;33.27876536859999;34.205011232559855;34.04972;32.17680000000001;34.35035515199199;
30.0;32.761303600000005;33.553751201189996;29.584870001362994;33.51891846625;33.64488999999999;34.09279599999999;33.89445999999999;34.04128522312;34.005231779999995;32.553315999999995;33.276749499999994;32.784273000000006;32.696665200000005;29.130181153909998;33.872735250000005;30.160163033709;28.21330098999999;34.45319049999999;34.081570000000006;31.823610000000002;32.294939;28.778166099999996;29.455479458000006;33.938253;33.12416539686899;33.003688851999996;28.753930795002667;33.8056;32.05544;30.062833385400012;
33.3;34.99472576000002;35.54712474451999;31.355033352183995;35.63289870184;35.687560000000005;37.721596000000005;35.215144;35.860177556112006;35.756787104000004;34.98813491;37.390993464000005;36.935460020000015;36.355871627000006;30.58635848088;35.91757236;31.625298760711992;29.90000099;31.69123;32.430470000000014;30.172746400000023;36.89111;30.54052640000001;33.59880625307402;37.03142051999999;35.75822483630664;34.4872526965;31.13678213029279;36.965979999999995;37.2446;31.38824244214402;
29.3;28.11779064000001;26.75897329012;25.633818482503997;26.943723235759997;26.925999999999995;25.651995999999997;27.280720000000017;25.597997286376003;26.634283299999996;27.180736160000002;25.26237838899999;26.762934879999996;27.380813751999998;25.809430043280006;26.98371476000001;25.369210168472;25.030900989999992;25.691032199999984;24.339169999999992;25.98611359999998;25.899582999999996;25.547284400000017;27.476537535696004;25.724409329999997;27.377967452886338;25.788578307039998;26.175413405599343;25.35642000000001;25.37836000000001;24.77165010004802;
20.5;32.219735119999996;30.669774177880004;33.609121057535994;30.22635826643;30.619959999999992;26.307196000000005;30.985769999999988;29.133934803360003;29.524794000000004;30.018534750000004;26.478297361999992;28.43242315000001;29.146172074999992;34.498901739519994;30.390403489999997;33.46771076124801;34.63500099;34.90205429999999;33.90297000000004;37.25814439999999;26.432110999999995;34.03434839999999;27.614721715075017;27.77334531999999;29.72966470074931;31.25508748675;34.06362573913063;26.56834;26.10464;34.401672194262005;
24.6;20.878511599999996;22.65266453573;23.179896512380992;22.25882592875;22.579870000000003;28.222396000000003;22.81441999999999;26.26015285874;24.820072820000004;23.972011000000002;28.987854564000003;24.648012700000002;24.332846699999997;22.38902725617;22.553881250000007;23.104037366083;21.728500989999993;25.101957499999997;24.280870000000014;19.02344119999998;30.778266999999996;21.59598289999999;26.587835108900006;27.47025071999999;22.011467862393715;23.716775530999996;21.949477337571935;26.7984;28.19956;21.445525630156;
32.9;36.62961920000001;36.673771329000004;34.48783964799999;36.79788841243;36.909639999999996;38.83039600000001;36.590084;36.18838258920001;37.260448468;36.59125856;38.405974224000005;37.79132784000001;37.373246032000004;33.80287136;37.10637549;34.410530003999995;32.88900099;32.41143479999999;33.609069999999974;29.42947319999999;38.557006;34.342179999999985;37.88058057235202;38.15060573;37.120631567439574;34.06753606368;35.19208674803999;37.96014000000001;38.233839999999994;34.20813365008;
45.8;45.253367600000004;44.72436736525;42.733417281125;44.15556291546999;44.20050999999999;47.801596;43.53830000000001;45.6787308636;43.1276585;45.546542239999994;46.085166156000014;47.16611588;45.216991728;43.607066616249995;44.00508669;43.361820870875;44.81530099;44.6978213;47.54297000000001;48.8659356;45.60630899999999;41.95253249999998;46.337470541872;45.755904519999994;42.85024826928735;47.60813304048;40.48381797131189;45.58136000000001;48.78184000000001;41.839508721559994;
27.8;25.5572516;25.636859302010002;24.971645504737005;25.811631560000002;25.815009999999972;27.163995999999997;26.561349999999997;26.710549082369994;27.774488199999993;26.408982749999996;27.629097801;26.8244217;26.660662675;24.601231423090002;25.860029000000008;24.710477238591015;23.566700990000008;27.060985;26.219670000000015;23.60317840000002;29.14148500000001;24.276836099999993;28.418134658450008;27.247566929999998;25.342967028795897;25.513183303749997;25.141184972786277;26.930400000000006;28.707999999999995;23.60270664682801;
47.4;51.5436864;49.91287937774999;47.792478433875;49.63608014991999;49.248909999999995;47.19679599999999;49.58972000000001;49.15880717729999;49.130836499999994;52.05770530999999;48.710453599999994;49.59475974000001;51.80390450699999;49.56248093375;49.104932039999994;47.79049949412499;53.27720098999999;50.850804999999994;51.22077000000003;52.408370399999995;45.680025;49.24170249999999;48.475417058678005;47.04249999999999;52.150844310875144;49.636782828250006;47.35756562281189;47.492659999999994;48.746599999999994;49.482052007459984;
35.7;30.90393886000001;31.823056923929997;31.750649698321006;31.91949923651;31.915990000000004;29.280795999999995;31.77281999999999;31.83930949733;31.520133520000005;30.834842749999996;32.12912177;31.125919150000012;32.049174674999996;31.389724501969997;31.787659010000002;31.471489309503003;31.580700989999993;30.631346999999998;30.576070000000026;30.1338724;32.94988;31.2067369;31.553814624674995;31.702163249999998;32.92070180532508;29.886444747499993;32.87135602284162;31.462320000000002;32.907999999999994;31.589164222882005;
32.5;30.73754618000001;29.874909354989995;32.76636425242301;30.429470666239993;29.956869999999984;26.659995999999992;30.80997799999999;28.479735731491996;30.950881623999994;29.39219244;27.379039755999997;29.24456796;29.864563668;33.08979799811;29.97874676;32.301391221288995;33.68390099;33.2121218;31.695569999999982;34.407398400000034;27.97077299999999;33.24653409999998;30.02000979973602;27.92593372999999;30.845645269010134;30.380821535159996;33.74586339771889;28.164379999999994;27.857160000000004;33.19819132352802;
32.9;29.05530576000001;28.073335628120002;31.626468590103997;27.80408434709;27.989860000000004;26.206395999999998;28.381842000000017;27.371668289256004;27.761614448;27.99780851;26.215642219999992;27.132669969999995;27.855605547000003;32.11515177528;27.884932610000007;31.288013615272018;32.58720099000001;31.84329429999999;30.110170000000014;32.73024600000002;26.883693;31.978174399999993;28.188777322989026;26.775504319999996;27.767373118573374;29.46223875669;32.05367378192416;25.970779999999998;26.55136;32.042188772030016;
34.1;34.46667715999999;36.47188118843;33.224087398471006;36.43444739440999;36.44509;31.397595999999993;35.79468;37.194881469514016;34.67153756000001;34.192728110000004;35.54813398200001;34.582114370000006;34.891720667;32.917575437470006;36.122758610000005;33.62381533095299;33.041300989999996;35.6313993;37.15687000000002;39.4777292;35.804916999999996;31.624896900000017;29.986563338320995;35.44287453;34.75783640179796;36.22234412390999;32.45621122511443;35.38332000000001;36.30016000000001;32.91317451066601;
36.4;29.201529600000015;29.91339540525;32.821254280125004;29.40461351288;29.636289999999978;28.272796;29.323470000000004;30.544460572000006;28.701537000000002;29.099364;29.778285540000013;28.483084799999997;28.930055799999995;33.06861704625;29.39384864;32.894848957875006;34.07630099;33.502975199999995;32.70887000000002;35.09461520000005;29.811868999999994;32.159772499999995;26.567007498800006;29.80611324999998;30.074556542193648;30.728225667999993;31.876747806411895;28.959940000000003;27.978040000000004;33.42677923480002;
18.5;24.537775359999983;23.087031735070003;23.817222370518994;23.739884392189996;23.193609999999982;24.54319600000001;24.900916;22.613082180154006;26.064958536;24.470642509999998;22.605657123;24.195211430000008;24.112350347;24.24891089683;23.403542210000005;23.605137368616987;23.665900989999994;28.952382999999994;26.77596999999999;25.887703600000037;23.28594;23.774112900000006;24.71908804505898;22.997151169999995;23.679029578099716;23.979738661899987;23.280460315985145;23.554280000000002;20.550399999999993;22.856667680868014;
41.1;35.526936000000006;36.05259145988;35.41758702393599;36.51352624;36.099219999999974;38.83039600000001;36.468900000000005;36.49116257172801;37.9844429;35.28643291;37.93461572600002;37.51990600000001;36.404592227;34.79892818752;36.325704;35.806673416447985;34.85330098999999;37.83793599999999;37.81267000000001;37.51261680000002;37.383801999999996;34.36920839999999;34.05471319032;37.804105729999996;36.01025083068518;37.76595605376001;34.59377251920742;38.54280000000001;37.24676;35.683651433728;
42.6;36.93436360000001;37.03042156804;39.638601622207986;37.54987312;37.12713999999999;41.249596;37.56840000000001;37.570607310928004;39.9469773;36.604801310000006;40.279068292000005;40.230549200000006;38.40240570700001;39.17335429056;37.345704000000005;39.32627367654399;39.581800989999984;38.331507999999985;38.72867000000004;36.67530719999999;41.409256;39.83939959999998;40.128674633520006;39.64956316999999;36.88643033083123;38.716876171980005;40.171017070219264;40.46580000000001;41.33084;39.830346464127985;
47.9;42.223353840000016;41.87974243871;47.112051272827;41.93996364846999;41.563569999999984;42.761596;41.94145599999999;42.805594792492;42.772477396;42.188518110000004;42.77463572000002;43.62571161000001;42.517208667000006;47.74392434439001;41.59446069;46.669578019460985;50.29780099;45.2939535;45.39517000000001;47.43354199999999;42.751614999999994;48.5481641;43.885245898383026;42.00498751999999;41.63603154271402;45.629109814149984;47.6449546020729;42.44346;44.441399999999994;48.63548214322999;
41.4;46.5843448;46.86531729092;55.748400454264015;45.65842362999999;45.27147999999998;43.567995999999994;45.65666;50.29605468612801;44.32285975999999;46.77221491;43.871048152000014;44.510028900000016;45.064267627;59.970918986479994;44.982669;55.17360620615201;67.60640098999998;57.24663199999999;56.19927000000001;65.5148208;42.307476;60.90973840000001;48.910988116230016;43.667950719999986;45.706827466187264;54.408968381479994;51.252544035199016;43.4447;44.57084000000001;61.085035479268;
19.5;23.4000858;23.624923669;16.898375802999993;23.716424603839986;23.868879999999994;26.861596000000006;23.524599999999992;25.188890565600005;23.674678659999998;24.830607710000002;26.757333754;25.296928880000017;24.65668278699999;16.22807471;23.951879360000003;17.299358269000003;13.705800989999993;18.664927200000008;18.666570000000018;17.444630399999994;27.237007;14.612980000000002;22.499441915344022;26.26400133;23.57075818391442;21.619373208209993;15.649869660989987;25.77048;24.40456;14.009671582560003;
32.8;32.84657924000001;34.515073691729995;32.738066850581006;34.63602828344;34.649649999999994;30.742396000000014;34.04547799999999;34.945584066550005;33.135744292;32.84411875000001;34.742473444;33.6341062;34.271016874999994;32.23807783016999;34.44242096000001;32.60475090868301;32.258100989999996;31.65842519999999;32.47336999999999;33.86141519999998;35.833797;31.83795289999999;32.64904344350002;34.18562371999999;33.55399633127064;34.19127055624999;33.94867080540635;34.13138;37.533359999999995;32.48270792177601;
26.2;24.84625576000002;24.02503374612;22.883205288704;24.66105272278999;24.249159999999996;25.500795999999994;24.559190000000005;23.997717099040006;24.845286319999992;25.067655999999996;24.53783258;25.436272799999998;25.027913199999997;22.92776937728;24.44824181000001;22.575076275072004;21.85440098999999;21.82958809999999;20.68037;22.784311600000024;25.694940999999996;22.683834399999995;27.037133062400002;24.619076999999997;24.649451062254514;23.45005720799999;22.77929008930695;24.962880000000002;24.038840000000004;21.49425142988801;
30.0;28.92183423999998;29.39057166327;29.115941206059002;29.48022203651001;29.530450000000005;28.373595999999992;29.788020000000003;29.670744163886;30.147485640000003;29.110976510000004;30.146229217999988;29.170021329999997;29.583090146999997;28.697638814629997;29.447659010000006;28.972228334836988;28.178400989999993;29.6699376;29.522570000000023;27.458414799999986;30.877893999999998;28.222288899999995;29.24637013953101;29.89379973;30.332749908254982;27.373134297519996;29.67474569919067;29.500320000000006;29.85223999999999;28.324006000004033;
22.8;27.134305000000012;26.504587912749997;26.358577734374993;27.12835341175999;26.76786999999998;26.357596;26.996870000000012;26.329556970250003;27.047570760000003;26.937195309999996;26.320608546000003;27.402288120000005;26.862312506999995;26.273521718749997;26.88211376000001;26.043611235624997;25.295300989999987;24.917266799999993;24.121069999999992;27.22739759999999;27.51392700000001;26.089082499999996;28.37560690763598;26.529696529999995;26.582306089540822;26.57369923841;26.843910216221886;26.726720000000007;27.34976;25.286339041120016;
25.9;24.106301719999976;27.37118098388;24.580838635735997;27.36005202848;27.54975999999998;31.095196000000016;26.788188000000005;31.083322546696003;27.641054788000005;27.46562336;34.177932834;29.15661656000001;27.666859591999998;22.844069113519993;27.42441584000001;24.963360533848004;21.19410098999999;24.807241199999996;26.21817000000001;22.748884799999985;35.790439000000006;21.32434839999998;26.999336534352004;32.249090369999976;26.452716794645823;26.843718365119997;23.46430733427902;32.20193999999999;33.99484;21.92290332182401;
37.9;34.286825600000014;34.81158681024999;37.587500015625;34.26628321695999;34.66716999999999;36.310396;34.969524;36.254553540500005;35.331232948;33.88508275;35.129234448000005;34.37451210000001;33.860917675;37.36429078125;34.72519956;37.755509304375;37.611000989999994;39.359802999999985;38.94977;36.83960639999998;35.245965000000005;37.592562500000014;34.87827903064998;35.78705248;33.509213796716296;36.36204802124999;37.154834482421876;34.95482000000001;35.190999999999995;38.38642218059999;
37.3;34.163815279999994;34.97407170316999;37.552794659589004;35.128795159629995;34.98546999999997;36.51199599999999;35.06106000000001;36.14681411832001;35.58691402;34.004676;35.71267042800001;35.71633940000001;34.58773720000001;37.103394196729994;35.19206589;37.507577037627;37.55170099;36.31116499999999;36.257969999999986;36.97917720000004;36.03899;37.758010899999995;35.626907729200035;35.97041652;34.377361129167596;36.7857424;37.4330369950345;36.19384000000001;35.99399999999999;38.29655429791201;
48.8;46.300190400000034;45.45836685775001;44.011407979874996;44.82320741176001;45.02526999999999;45.583995999999985;44.343224000000006;44.813130424600004;43.138432436;46.74719884;45.850313408000005;45.63878696000002;46.52780074800001;44.777656153749994;44.86211376;44.23500297212499;46.610700990000005;43.45499479999998;45.09436999999999;44.981047200000006;43.98946699999999;44.129632500000014;44.88153685310401;44.833657919999986;46.34741592240624;44.844957627639985;43.78240298601189;44.285320000000006;46.115760000000016;44.565748582;
23.5;27.40681946000001;26.24851907684;26.76692038176799;25.551520962319998;26.147199999999994;25.651995999999997;25.714100000000006;25.734932749399995;24.106357619999994;26.583475000000007;24.908977043999997;25.238199800000004;25.8895125;27.20696247975999;26.000927240000006;26.874238959624005;26.732900989999994;26.567829799999984;25.197470000000003;28.504565600000006;24.817369000000003;26.165907599999997;23.734386216999994;25.506609329999996;26.02052763188496;26.372884575;26.37075610740669;24.15606;22.582440000000002;26.321561536632004;
41.7;39.525104320000025;39.429099937329994;38.161363256101;39.27346162168;39.39181000000001;39.435196000000005;39.077391999999996;39.06992807844801;38.570326695999995;39.626253760000004;39.136151631999994;38.71948064;38.676679472000004;37.97168105657;39.42621024;38.62237731004301;37.89840098999999;38.30810639999998;39.39297;39.260090399999996;37.553653;37.418194899999975;37.318772628992015;39.32591452999999;39.77539862529147;38.54157436704;37.903344359935;38.88174000000001;38.26695999999999;38.29616891270399;
31.8;30.320525680000003;31.78692828771;34.637072701127;31.953230323809994;31.880530000000004;29.556796000000006;32.3481;31.282282163280005;31.133504679999998;30.302215999999998;28.92027985;28.774320799999998;29.712945199999993;34.285494175390006;32.21064621;34.359659746361004;34.75470099;33.3283631;31.914369999999995;32.217499600000025;29.253479;36.1505541;33.005144228800006;30.101231249999998;31.588278383698594;31.288660471999997;34.69759713251572;30.707020000000007;27.372239999999998;35.91976410098401;
30.1;29.788783999999993;29.802009928999997;29.457926625;30.16444647944;29.976879999999984;27.768795999999995;29.831039999999994;29.251744374999998;29.3276585;29.327450999999996;29.33637533999999;29.570090200000013;30.101649700000003;29.202701249999997;29.964581959999997;29.186672625;28.93990098999999;27.369601;26.87576999999999;28.787909600000006;29.986585000000005;28.991449999999993;29.827911643400014;29.31140925;30.979584442869935;28.247551555;30.40481760375001;29.230980000000002;29.529000000000007;28.905189761000003;
40.8;37.77061720000003;37.95247451667999;42.765588069496005;38.384908329999995;38.00932;36.411196000000004;38.545719999999996;37.390787359872;38.39980177999999;37.783380109999996;36.73583846800001;36.94788430000003;37.12560006700001;42.543501396719996;38.215509000000004;42.345378627527985;43.84180098999999;39.53386899999998;38.90067000000001;40.249725600000005;36.30255699999999;44.028034399999996;39.41012189133001;36.863840929999995;38.829428806050174;38.22036126530999;43.678708245303355;37.4832;35.79716;43.940267536015995;
35.1;29.144693840000002;31.662263821239996;34.54525122604799;31.839910999430003;31.42528000000002;30.540795999999986;31.695698000000018;33.314303779456;33.47948775999999;30.38248131;34.033684730000004;31.361768089999995;31.569141706999996;34.34221183935999;31.27828949;34.322930769664005;36.07950098999998;36.54848459999998;36.036669999999994;35.6910436;35.115722;33.987651600000014;30.751274927726996;32.862817;32.22894160971592;33.06604774486;34.07789832236902;33.36694;34.53015999999999;35.35468057793199;
16.0;23.96846119999998;22.870138517480004;24.256095393855993;22.481281178750002;22.825119999999984;24.895995999999997;22.331810000000008;23.317312531391998;21.346963920000004;24.053181790000004;23.055105815999994;23.31147915000001;23.066520363000002;24.720578721919996;22.82388125000001;24.119623447007996;23.88030098999999;21.950487499999998;20.450570000000013;25.139380399999993;24.077035;24.08034039999999;24.479569059074983;23.424890279999996;21.932079686953813;24.15410100935;23.693121451723258;22.524900000000006;22.299199999999995;23.371729496602;
31.9;27.225090879999982;30.096479499480004;25.688224361255998;30.75839812546999;30.18537999999999;30.943996;30.80088200000001;32.053009638816;33.94861769599999;29.48509216;34.915241534;31.465291039999997;31.570491952;23.98120473992;30.19508669;26.110266065208013;23.83140099;32.08710139999998;31.865869999999997;27.26191560000001;35.256802;22.47270040000001;26.483071821447993;32.883124679999995;31.499200340770585;29.700907104959995;24.766344183134066;33.95976;33.770359999999975;23.713808366128006;
27.5;29.352270619999985;29.421498892839995;33.504871451968;29.691698840959997;29.48866;27.667996000000002;29.654744000000004;29.352766560296004;29.646337491999997;28.991820909999998;28.979504276;29.219753320000002;29.412770827;33.63940829375999;29.44779056;32.84446194822401;34.180400989999995;30.500919999999983;29.594369999999987;32.197230399999995;30.544579999999996;34.1273876;32.426779730435996;29.023014129999996;29.470655911429446;30.24129159649999;34.759502270037515;28.90912000000001;31.172400000000007;33.92462551660799;
34.2;29.326038400000016;30.716135719000004;25.992421152;31.262475643970003;31.07896000000001;29.835195999999996;31.151390000000017;31.295587094400013;31.975886239999998;30.21309451;33.09241782000001;31.521632090000015;31.857399747;24.826944639999994;31.077974690000005;25.929928176000004;23.59330099;26.81420669999999;27.349170000000004;24.134374000000008;34.125800999999996;24.234989999999986;30.561578966453;32.04017311999999;31.733847355671486;27.898370373929993;27.11393242704;32.318059999999996;34.249439999999986;24.189085156359994;
25.9;23.758672560000008;23.92865102556;27.830422252072;23.687923314229998;23.74569999999998;26.307196000000005;23.39886999999999;25.27771646508;23.38078672;24.651242750000005;25.596786089999995;24.284397850000005;23.854739674999998;27.990303369040003;23.701511090000007;27.80884359349601;28.122900990000005;26.354215399999998;24.938869999999998;28.441738000000015;26.255678000000003;27.118605599999988;24.253186645175003;25.496345319999993;23.60068231580499;26.262156448500008;26.672087406180157;24.93214000000001;23.133359999999993;27.40284652366003;
27.8;25.789785800000004;26.560902459;21.602672374999997;27.560632240069996;27.018459999999987;28.32319600000001;28.397038000000002;27.69465050600001;31.430499408000003;27.283490999999998;29.837502058;28.71885289999999;28.0649727;20.567848750000007;27.200545490000007;21.552994665000007;18.551500989999987;26.775539600000002;26.925970000000014;20.084435599999978;31.028088;19.872449999999983;28.15739693030001;28.973862919999995;27.73569324463338;23.786578003999992;21.737783803750006;29.726360000000003;29.606760000000005;19.120201381600026;
38.7;42.64927912;41.836219345889994;41.370916643253;41.440258991410005;41.802309999999984;46.18879600000001;41.06834800000001;41.27242351819999;41.4513561;42.73547500000001;44.93680114;44.7932835;43.49700750000002;41.451786341209996;41.72549660999999;41.273552087979006;41.22700098999999;38.333301699999986;41.10577000000002;36.78263559999996;45.79034299999999;41.23777810000001;45.157985534500014;44.141997;41.26516131805306;40.938396275;42.46875845044282;43.59892000000001;47.12136;40.54547294888398;
37.3;34.79826640000002;35.559453528999995;38.756302511;34.93019107624;35.376279999999994;35.80639600000001;35.0071;36.24869675440001;34.34005306;34.69318179;35.13857493400002;34.04508713999999;34.32288036300001;38.62189027;35.41874676;38.82859927299999;39.30470098999999;36.94466839999999;36.92047000000004;36.92065920000002;34.769104;39.11459999999999;35.29018324102603;35.68801733;34.91903963024913;36.36509580577999;38.60050115619002;34.77648000000001;34.38204000000001;39.91604689639999;
40.6;35.7986568;36.164124469;36.708221943999995;36.63785114113;36.21723999999999;39.838396;36.701519999999995;36.3025075572;38.81320962000001;35.46400451000001;39.00847314800001;38.18040231000002;37.321556747;36.070044079999995;36.454723890000004;36.787603532000006;36.41440099;38.00063069999999;37.78047000000001;35.69994440000002;39.058499000000005;36.13536999999999;36.18266903517702;38.480296530000004;36.4140328251991;37.50747552716999;36.38131270144001;39.27544000000002;38.50084000000002;37.02842910261998;
39.0;44.47097136000001;43.58737942687;41.20183980897899;43.50861167224;43.460709999999985;42.862396000000004;43.33195999999999;42.8167218856;42.77179844;44.7329;42.76096881800002;43.11993039999999;43.22162;41.44908515903;43.411997760000006;41.71666343439699;41.79100098999999;42.38599680000001;44.04337000000004;44.09933440000003;40.681988000000004;40.52710689999999;42.31870727880002;42.72805292999999;44.550719899336315;41.9528856;40.85242252340201;42.52138000000001;42.47535999999999;40.82251847218399;
35.8;36.05772968000002;36.31058038471;35.435837405027;36.246044589609994;36.42073;35.705596;36.423656;35.636819248928;36.02880827600001;36.02818016;35.558342028;34.85158728000001;35.447535552000005;35.006303498390004;36.581635410000004;35.56439346406099;34.64720099;35.188649600000005;35.32337000000002;33.153318799999994;34.635084;35.46161409999999;35.12438926241604;35.94705172;36.787453475300126;34.27808907232;35.7071839958881;35.603120000000004;34.198240000000006;35.893084475112005;
33.8;36.563504800000004;37.33386976525001;37.202251026125;36.32787499504;37.111930000000015;38.225595999999996;35.51230000000001;37.6295754421;33.66923668;36.79841899;37.276040841999986;35.57483334000002;35.818521202999996;37.149756266249994;37.016311560000005;37.780772955875;37.05100099;33.83196539999999;35.78897000000001;36.92470320000001;36.011329;36.422382499999976;35.38990211284601;37.87213396999999;36.7406574664075;36.802263939629995;36.41483791761187;36.31608000000001;36.27124;37.644775441980016;
32.4;31.60368828;30.27178792284;29.68395545196799;30.327507418489997;30.353319999999982;26.307196000000005;30.00311000000002;28.169751523488;28.053086719999996;29.62710544;26.70163920600001;28.538998440000004;29.494704767999995;30.068108293759988;30.264589009999998;29.732312588223998;29.734900989999993;28.2999718;27.594569999999994;32.069297199999994;25.961678000000006;29.258077599999993;26.033813398736044;27.66444531999999;31.97824226639375;27.730732764159995;30.11428010943751;27.078879999999998;24.281559999999995;29.54890223446401;
38.0;31.898617279999996;33.31754836573;37.302572512381;32.86038389872;33.14113;32.076795999999995;32.90786799999999;34.576914195984;31.73193642;31.84965904000001;31.4447895;31.374317680000008;31.363344688;37.189427256170006;33.28678644;37.306869126082994;38.21390099;35.715990999999995;34.884570000000004;37.79148079999999;31.311555;38.17064289999998;32.39739102531199;32.36672499999999;32.32367814783453;35.4355546056;37.06171241677195;31.97276;31.293200000000006;39.052766905607996;
34.4;32.94024640000001;33.829740678280004;34.085576684215994;34.106845;33.86031999999999;34.294396;34.5828;34.205656839072006;35.073106319999994;32.66980876000001;33.690145216000005;33.2391188;33.309332972;33.62131066712;34.135116000000004;34.299362204488;33.99660099;37.48651799999999;36.10946999999999;35.36031679999999;33.10615300000001;33.975216399999994;31.620475167440024;34.096882879999995;33.761192552075656;35.044271636839994;33.48712375821761;34.651799999999994;32.31456000000001;35.10597155308798;
47.0;49.44040783999999;48.21611556330999;44.49087885424699;47.45020770112;47.343669999999975;47.80159599999999;47.557079999999985;48.85754542258401;47.1977681;49.647245240000004;47.282372208;48.06970731999999;48.616230828;46.31586593378999;47.081525639999995;45.246308474520994;49.225200990000005;51.881940799999995;53.123370000000044;54.08694079999998;44.731283999999995;44.516518099999985;48.31700861095202;46.76570451999998;48.32808714602328;49.48881510848;40.84970124255282;46.644560000000006;48.10944;44.69806235595199;
49.5;41.657364000000015;41.15055189907999;43.84112952057599;41.48078917375;41.19951999999997;37.31839600000001;41.65516000000002;40.061171443264;40.7230864;41.90789024;38.82761602400002;39.72641440000001;40.65788732800001;43.781417832319995;41.34915525;43.44020269996798;45.327600989999986;41.075796499999996;40.51367;42.01465719999999;37.207657000000005;45.20848239999997;40.85188586752001;38.52095828;42.81897699906868;40.309344962240004;45.3774971017703;38.8704;37.901360000000004;45.18919402163199;
44.8;45.04895840000003;44.69665190244;49.959593408488004;44.121031450000004;43.81623999999999;46.99519599999999;44.0558;45.74973743892801;44.95243824;45.00109451;46.442475720000004;46.41010809999999;45.955699747000004;51.94631859016;43.666821000000006;49.550104742584004;56.33150099;50.45769899999999;50.624670000000016;52.527683999999994;46.394821;52.19703360000002;47.120427311410026;45.150562279999995;44.12747291665333;49.74707037393;48.6489258642768;45.450300000000006;48.17844;52.412320627460005;
35.3;34.0563604;34.669422634609994;33.06290209675701;35.03316640375;34.87170999999999;37.519996000000006;34.83995999999999;35.063263298188005;36.00619457999999;33.88971411;36.55529305600001;36.088404249999996;35.040509867000004;32.324126454490006;35.13915525;33.174440629451;31.561300990000003;32.871391;33.519570000000016;31.214888400000007;36.848478;32.579780099999994;34.930701498055015;36.603265119999996;34.544333692989525;34.14140523014;32.87573065004699;36.95330000000001;36.26476;32.95691515844601;
31.4;33.85601688000003;34.70207804317;32.493010659589004;33.50615509362999;34.61947;35.302396;33.24518799999999;35.005457385595996;31.694840756000005;33.895000589999995;34.10844215600001;32.192726330000006;32.740132723;32.29879419673001;34.56193389;33.153774297627;31.08060099;31.319752599999987;32.96557;31.300474800000018;33.043442000000006;31.659000900000017;32.005021576642996;35.170360679999995;33.71012216963217;32.74941627654;31.854260693234508;33.274539999999995;32.78155999999999;32.789176044098014;
36.8;39.998756000000014;41.459433649;39.433696608;40.89717622625;40.93360000000001;31.296796;40.391709999999996;40.59534204819999;38.118520499999995;37.69398339;36.36862880000001;36.89597545000001;40.236190883;40.96815855999999;40.47755525;39.34207724400001;44.17980099;42.838680000000004;43.07627;47.368077200000016;35.85329000000001;40.65254999999999;34.19902619274501;36.80423125000001;41.131361549890556;40.8844428788;38.50016405584002;36.45999999999999;37.464800000000004;42.60044986250003;
30.7;29.23579527999999;28.260053021479997;32.30888758965599;29.269357096969994;28.505379999999985;26.307196000000005;30.208189999999995;26.965952823648003;31.592015999999994;28.378133439999996;26.714493484000002;28.821656719999993;29.25309636799999;32.492888527919995;28.67724869000001;31.347674026407997;33.00020098999998;32.6214976;30.840270000000018;30.464710799999978;28.481708000000005;33.592300400000006;33.80268128163201;26.99124531999999;29.66244889502383;28.44363274976;34.02299212234686;27.858159999999994;29.258359999999993;32.52464246822399;
26.3;27.333767440000003;26.57285405732;25.226959442343997;26.449318094959988;26.676399999999987;26.307196000000005;26.616508;26.537308138520004;25.894066368;26.96641275;26.15300542;26.58983130000001;26.596788674999996;25.217808512079998;26.635431560000008;25.308082429592005;24.117000989999994;26.1169206;25.17357000000002;27.584044000000006;26.573518999999997;24.262610400000003;24.98676262514997;26.48634531999999;25.950663543910764;26.835919326750002;25.066800545602863;25.719220000000007;25.773840000000003;24.07735514772;
31.8;30.250752000000006;31.576476528999997;33.12379887899999;31.954517699889994;31.72497999999999;31.371196000000012;32.428575999999985;32.23564406879999;32.384682467999994;30.06738531;30.500375012000006;30.77886123000001;30.610870507;32.59217203;32.09853741;32.875171757;32.81040098999999;33.722943699999995;32.39386999999999;31.539640400000025;31.338076999999995;34.19945999999998;33.28392685686902;31.356564929999998;31.173700002674266;31.794926797109994;32.93963560098999;32.16928;30.05316;34.01241822305998;
34.1;38.78479199999998;38.694748608999994;33.582869943999995;37.89348302874999;38.75559999999999;38.931196;37.404459999999986;37.64215760159999;35.847490799999996;39.07499664;38.87148238399999;37.475329400000014;38.411179408;33.078844079999996;38.72287725;34.130613212;31.84850098999999;31.873859499999988;33.96166999999999;30.617002799999995;37.121603;32.43338;35.80850623224002;38.88797267999999;39.292998394973864;34.49167301456001;33.78399718883999;37.33240000000001;37.703359999999996;33.28773379340001;
39.5;37.08137120000001;36.93777313798999;34.69438828852299;36.78020884;37.13539000000001;36.209596000000005;37.136440000000015;35.724320829352;36.714260679999995;37.04793996;36.11325769200002;35.2420806;36.111355612;34.21933047510999;37.267725;34.827461853589;33.226800989999994;34.59833;35.15777000000003;30.79250719999999;35.134328000000004;34.641794099999984;36.15222928419999;36.541651169999994;37.67350494357649;33.05794335144;35.2823582536313;35.88130000000001;34.76976;34.726838212288015;
31.9;29.86227819999999;30.817313481639996;30.20511665452799;31.270792549999985;30.98014;29.079195999999996;31.06220000000001;31.321133049192;31.553529779999998;30.07577899;31.358475035999987;30.691746500000015;30.377248203;29.681855992959985;30.908140999999997;30.237008010304002;29.18440098999999;30.93202799999999;31.21967;31.929487199999983;31.96444199999999;28.906875599999992;28.673870527589983;31.13846477000001;31.206176589451786;30.00341998463999;30.41353378769254;31.2992;31.16216000000001;29.374184800704;
37.7;35.885575200000005;36.52672270775;37.433530524874996;37.09987992208;36.591789999999996;38.527996;36.760992;36.5315136732;37.828731588;35.81448975999999;37.846556324000005;37.46652264;36.563738672;36.91744180375;36.82955604;37.611494767124995;37.30460098999999;36.9431752;37.13097;38.39814960000001;37.36536400000001;36.941092499999996;35.56267319451204;37.759427719999984;36.84849102245019;37.929071011519994;37.013704181911876;38.68523999999999;36.947039999999994;37.897168353959984;
28.5;25.444399360000006;25.79985517628;28.12027655981599;25.52970701981;25.661739999999995;27.063196000000005;25.488170000000018;26.916549431392003;25.515259620000002;26.12971059;27.235535137000014;25.796484110000012;25.702644723000002;28.06875215912;25.572890210000008;28.18697294528801;28.10320099;28.247444100000003;27.13417000000004;28.7659084;27.645629;27.084906399999998;24.775870559268984;27.06536316999999;25.82996249111082;26.986125808829996;27.160641129076794;26.407719999999994;24.956240000000005;27.589211515801992;
37.9;30.605494640000018;33.86762924561;33.142541420457;34.17567740192;33.62557000000001;31.851195999999987;33.99366200000001;35.82030352748801;36.367328852;32.03363743999999;36.29126828400001;33.42895008;33.376415168;32.54243326349;33.438628040000005;33.412969118551004;33.94080099;39.1494264;39.36447000000002;38.60811279999999;36.926992;31.375050100000006;28.95751574817199;34.92448271999998;33.638295860187355;35.62549964383999;31.538245894672183;35.88456000000001;36.389559999999996;33.255123845316035;
23.8;28.48549824;30.239428442919998;28.728327432663995;30.77142156615999;30.462999999999973;30.463995999999995;30.774903999999996;30.516211386896003;30.672208416;28.408438590000003;29.253714836;29.174537539999992;29.212421323;28.235070274479998;30.90764436;28.651397737351992;27.842400989999998;29.278819599999995;28.525670000000012;27.918662399999988;30.004573999999998;29.561918400000003;31.031259610874017;30.283018919999986;29.821491404585828;29.460322143379997;28.108652327698234;31.40422;28.001640000000002;29.398065645684;
22.5;22.100470639999998;20.532871313630004;27.894181991310994;21.239726014640002;20.509149999999998;23.535196;22.142050000000005;20.524152550376;23.25108964;22.411248959999998;20.371713447000005;22.28926672;21.891457911999996;28.64839971627;20.78591216000001;27.030468311072998;29.29120098999999;27.960143199999997;24.896369999999987;27.43743839999999;22.620352000000004;29.418830899999993;28.94629041060403;20.730524369999994;20.416706504033442;24.172644647360002;27.592034526425298;21.70518;20.673560000000005;27.821253070892;
44.8;42.06242736000003;41.683565508520005;45.624995658984;41.06976984544;41.18595999999998;44.37439600000002;41.25872;43.1160297964;41.796674159999995;41.84261875;42.65072405599999;42.83396240000001;41.211616875000004;46.63151055687999;41.03179296;45.71465095311198;48.312900989999996;46.356370399999996;47.69467000000005;47.81436880000001;43.023959000000005;46.23026639999997;44.85408650400002;42.86849088;39.95219198658688;44.843122143749994;44.344897988475196;42.343180000000004;44.46644;45.890740571807996;
30.9;36.448687199999995;36.71121816228;35.161467542016;36.215687679999995;36.722619999999985;36.91519600000001;36.1993;36.38341118495999;35.51969527999999;36.45189275;36.50682419600001;35.34318640000001;35.887794675;34.78741581311999;36.778824;35.494774069887995;34.244100989999986;34.64889999999999;35.44807;33.09695119999998;35.43400499999999;34.70401640000001;34.924160603599994;36.88029027999999;36.797969191955985;34.74283020624999;35.14950758655718;35.8949;35.341;35.466774641792;
33.6;36.34825479999999;36.513419092750006;37.62663520137501;36.62187264157;36.60181000000001;37.31839600000001;36.90008800000001;37.06682967050001;37.349778916;36.163468750000014;36.700177396000015;36.83430425;35.925261875000004;37.21715090875;36.760727489999994;37.66882920662501;37.07510099;37.732810799999996;37.96497000000003;36.706038800000016;36.60426400000001;37.653922500000014;36.84937285412502;37.045858280000004;36.13010836291261;36.766911875000005;37.823975050561906;36.989459999999994;36.78204;37.93086243619999;
41.4;38.295128000000005;38.325108328999995;41.12104299999999;38.804260130559996;38.38882000000001;43.164795999999996;38.488167999999995;38.61906752000001;40.59754528;38.099172159999995;41.407861440000005;41.49195391999999;39.019997952;40.89931;38.52729696;40.98017139999999;40.88820098999999;38.5828176;40.271470000000015;39.27090239999998;42.752834;41.02662;41.91387575705602;41.203872000000004;37.78289205907538;39.86637641312001;41.36669862180002;41.95672000000001;42.73623999999999;40.658938708479994;
38.7;34.81077008;34.94962824636;37.29029602623201;35.537891367309996;35.13358;39.132796;36.132124000000005;35.55770962460801;38.93821736;34.23332716;38.000105279999985;37.616809579999995;36.225441452000005;36.63033728024;35.42271021;36.931162234376;36.66840099;38.13965600000001;37.67367000000001;33.10107239999999;39.418240000000004;37.6087876;38.725743589356014;37.689367999999995;34.80712939883806;35.8207150272;37.66656891937471;38.53032;38.46359999999999;37.40256278591599;
19.5;22.584425879999998;20.745289529409998;17.086482381717;21.429001313509996;21.05323;23.837596000000005;22.267808000000002;20.531995481693997;22.886102776;22.91059171;21.022475971000006;22.848723530000008;22.349967587000002;17.675084721690006;21.38445701000001;16.54960761473101;15.645100990000001;18.729865399999998;17.68757000000001;15.59756759999999;22.938616;17.853172100000016;27.61727659075101;21.392482529999988;21.021931845113528;18.32348265518;16.69576121605595;21.84732;21.093839999999997;15.31158990495203;
40.3;41.68618016000002;41.406089047319995;46.60854432134401;41.357126679189996;40.75335999999999;45.180796;41.96623600000001;42.79067346291201;44.9002928;41.084363960000005;43.92519251999998;43.98097322;42.36853841200001;47.644820542080005;40.73816421;46.57030080659201;50.91730099;51.49298009999999;50.69727;51.30439240000001;44.087641;47.36059039999998;42.77341919116404;43.101308;40.476478814846516;47.64274541028;44.75001767908486;43.97928;45.30944;48.29190031818399;
28.4;33.53383712;34.48128658196999;36.95560379194901;35.01935288826999;34.592590000000015;32.78239599999999;35.285320000000006;34.68553017094401;34.83589632;33.491751840000006;32.65070758200001;33.42982628000001;33.114874848;36.562992081930005;34.90658109;36.86833065110701;37.35400099000001;37.1987068;35.90516999999999;38.38789560000001;32.211814000000004;37.7159549;33.596706866111994;33.262454930000004;34.59681549028187;35.90911611808;36.969073592745396;34.27326;31.758239999999994;38.236131488336;
29.9;26.695897739999992;25.113006532679996;28.395434485695993;24.83390134708999;25.09659999999998;24.946396000000007;25.370977999999997;24.125369932903997;24.526252651999997;25.84533331000001;23.507919762;24.45287523000001;25.010371106999994;29.01648843072;25.064932610000007;28.027458694128004;28.69430099;26.730561999999992;25.27357;26.582515600000022;24.169009999999993;28.886944400000008;26.997907963909007;24.22380156999999;25.694030868282084;24.330626142599996;28.630855801375734;23.38768;21.93639999999999;28.226786179738014;
15.4;21.634154800000005;19.12753898525;21.955558192125;19.078576393969996;19.06590999999998;22.375995999999994;19.775971999999992;18.55094977215;19.292516436;21.419385310000003;17.942993967999996;20.10493131;20.060240506999996;23.212034886250002;19.257974690000005;21.428746343875005;22.475700989999996;21.42849369999999;18.971670000000017;22.317969199999993;19.675331;23.2839225;25.145991450692996;18.718029280000003;18.398905729273338;20.542134609629997;21.34990107821188;18.63466;17.16504;21.306837725290023;
37.7;37.47380663999999;37.58871409811999;35.624972590103994;37.15467022815999;37.45359999999999;39.03199600000001;37.357156;38.125267139696;37.557260324000005;37.295827640000006;38.500531753999994;37.694787440000006;37.525110108;35.249751775280004;37.48808736;36.227697905271995;35.26040098999999;38.9671816;39.20467000000003;37.32354960000001;37.125429;34.4181844;34.193904051904;38.45702676999999;37.23951980304679;38.16995354907999;34.82226932932414;37.747220000000006;37.92824000000001;36.034466994496;
28.1;26.541226079999973;28.63859813812;28.045868590104007;28.756024434230003;28.783420000000003;30.036795999999995;28.82393000000002;30.955136203456004;30.19527112;28.50177376;32.95742080000001;29.93445496000001;29.563753472000002;27.084551775279998;28.71151109000001;27.817171015272006;26.57180098999999;28.624222700000008;28.673570000000012;25.977572400000014;34.950259;26.702924399999983;30.93133703443202;31.517999999999997;27.684563984297057;29.360240416319996;28.555283326924155;31.476840000000003;35.69643999999999;26.848256041152013;
41.9;44.59839424000002;43.22481483972;35.32842389062401;43.156714428159994;43.37289999999998;46.18879599999998;42.91609599999999;42.517675399935996;43.400853360000006;44.75977899;45.375589059999996;46.56639144000002;44.891963203;34.626836151679996;43.338087359999996;36.166410841632;32.942800989999995;38.70178080000001;41.72807000000003;37.44400239999999;44.289557;32.79079239999999;41.621933709464;44.646897;42.55328616776876;41.887761378890005;35.29816616972391;44.370820000000016;47.635160000000006;33.20715238046401;
31.9;30.603040800000002;32.036833609000006;32.86402111199999;31.482868668159995;31.902819999999977;33.487996;31.611219999999992;33.837315832;31.4781704;30.372868750000002;32.186548447999996;31.383390000000006;31.078981875;32.533281839999994;32.058087359999995;33.10873389599999;32.60000098999999;33.77329759999999;33.36747;32.906139199999984;32.435894;32.85701;30.789975831;32.97455472;30.701273678157122;33.46019923749999;32.087403763839994;32.319820000000014;32.199239999999996;33.9148362208;
48.0;42.07414032;41.53612022883;40.752187997151;41.537119094080005;41.420709999999985;44.77759599999999;41.24040399999999;41.78125704995201;42.291909524;42.089773760000014;44.175790448;44.68784016000001;43.09877347200001;40.66761640506999;41.44226004000001;40.892861460193;41.23780098999999;40.916648800000004;42.42937000000002;41.23636879999998;43.985616;40.17473489999996;41.87595216331201;43.16895231999999;41.08238022958588;43.29098081888;40.92930678213058;43.339040000000004;46.14463999999999;40.62600176488799;
27.6;30.262828000000013;31.71550988775;31.090494578875003;32.19858386000001;31.909150000000004;30.03679600000001;32.77618999999999;32.64421698740001;34.8528085;30.92200976;33.29282359999999;32.0509628;32.16274267200001;30.42373858374999;31.838141000000004;30.844994229125;30.230300989999993;34.54605299999999;34.594069999999974;31.49176079999998;34.762657000000004;30.159652499999986;31.85847453776;32.50799999999998;31.197638589427243;32.12948794735999;32.15401426851187;32.862;36.00795999999999;30.4708262101;
15.3;20.760832360000023;21.541880094920003;26.445695248064006;21.08720071784;21.55125999999999;26.911996000000002;21.060764000000002;24.874281134336;21.537188751999995;23.11975691;26.09595114999999;23.22849742000002;21.734515026999993;26.31269165248;21.49674836000001;26.010541499551998;25.186200990000003;21.873884599999997;21.65587000000001;21.86032000000003;28.782220999999996;26.182568400000026;28.538020369274008;25.57351108;19.50919861865981;23.23964625712999;25.878466531943435;24.55018;26.79143999999999;25.311526735500024;
22.3;22.24390588;23.10956643513;24.432008109360996;23.582784774319997;23.191929999999985;27.163995999999997;23.96710999999999;25.550973701072;26.312562279999995;24.34101264;27.271122469999995;25.522160480000007;24.665409608;23.98156295477;23.338598240000007;24.10856204222299;23.509200990000004;26.0773336;24.75576999999999;23.36246799999998;29.240878000000002;23.69119090000001;27.87820480891199;26.346666929999998;22.690685090583543;25.15638274656;23.79334829294689;26.69166;27.85675999999999;23.058880109239993;
35.9;37.31383296000001;37.41611314188;33.70861323033599;38.15127428731;37.78803999999999;36.310396000000004;37.78780800000001;36.255984122112;37.73814377600001;37.542826559999995;37.05388906399999;37.806473280000006;37.665345632;32.97469143551999;38.12271021;33.621688571647994;32.49510099;32.1389327;32.59846999999999;31.977285199999983;36.06636300000001;33.8640584;36.29931848729601;36.74735248;38.89111346082353;34.76563855583999;34.53868735980423;37.57052000000001;36.23496000000001;33.854828260671994;
40.7;43.33141216000001;42.54803206388;41.574266635735995;43.215148624959994;42.72664;39.939195999999995;42.983436;41.082479625472004;42.700048848;43.713092160000016;41.418015280000006;42.682074880000016;43.015321952;41.34356911352;42.90772656;41.41261506384801;42.14330099000001;39.595019199999996;40.01846999999999;41.32439599999998;39.497718000000006;42.0435484;41.07693187513602;40.67183488;44.58307757649638;41.11356863584;43.12444995827902;41.480720000000005;40.78376000000001;42.155030777760004;
48.5;52.59136255999998;50.79056666212;48.93471867290398;50.50807465143999;50.13376;49.615995999999996;50.300848;50.765199781056005;49.923251152;53.152737439999996;49.383442368000004;51.691124560000006;52.06552516799999;51.39496017127999;49.92405396;48.810628615672;54.38600098999997;50.79227239999997;53.03366999999998;54.23707920000001;48.291474;51.024804399999994;54.005947360096;48.61364031999999;51.19408485495214;51.05594433407998;48.09975665601853;49.195280000000004;51.78264000000001;48.88172309603199;
30.2;34.461384719999984;35.22294798798999;36.55104828852299;34.74823622611;35.233809999999984;33.790396;34.606587999999995;34.98273807366401;33.203322056;34.56210704;33.48053891000001;32.70919763999999;33.382700288;36.30213047510999;35.33868140999999;36.55474575358899;36.223100989999985;33.003087;33.471370000000014;33.45167799999999;32.9177;37.18041410000001;34.952688913903984;34.28356173;35.077105485383754;33.64375917759999;36.895095192031306;33.45682000000001;32.27479999999999;37.41680859419998;
46.7;39.71085136000001;40.07033097589;45.135476643253;40.00966386817;39.736149999999974;36.411196000000004;39.98207199999998;40.426940732215996;38.569249455999994;39.901989240000006;37.20072208000002;37.75118178000001;38.210717628000005;45.67618634120999;39.79341429;45.108601287978985;48.34180098999999;43.8937445;42.945370000000004;48.891805999999974;35.162965;46.36253809999997;37.77800913101201;37.42814093;40.49853956399329;42.887825078199995;44.9560020056428;37.588260000000005;35.97920000000001;47.570582989239995;
28.1;30.194849599999998;31.604172379;29.950321383;32.291996865170006;31.76746;29.63359600000001;31.91537;32.181420939000006;32.886079280000004;30.62546875;32.71754592799999;31.997015749999996;31.998341875000005;29.193055310000005;31.752060290000003;29.912408969000005;29.167300989999998;31.313285799999992;31.124869999999998;32.63129079999999;33.521173999999995;28.562860000000004;29.646712568125015;31.996240480000004;31.732036315876712;32.40362843749999;30.463420703389996;32.659060000000004;34.14024000000001;29.16250401459999;
42.9;41.28525856;40.80760525532;41.17840257394399;41.46797972268999;40.82385999999998;45.079995999999994;41.242011999999995;40.258443388336005;44.047430708;41.151115639999986;44.938387185999986;45.231717460000006;43.693203708000006;40.946709924080004;41.00805021;40.90421722839199;42.081500989999995;40.90045499999999;41.432470000000016;39.82366040000002;45.168839999999996;41.160240399999985;42.09301298347601;43.08373836999999;41.61659715011652;42.910708185999994;42.114891026935666;44.48678000000001;46.28480000000001;41.59269605426398;
43.3;43.169921200000005;43.28808296525;44.889545281125;41.83383067651;42.46627;43.567995999999994;41.31146;45.493226196799995;38.98319698;43.48509216000001;42.737048152;42.73642528000001;42.140641951999996;46.343466616250005;42.14765901;45.38860935087499;48.95090099000001;45.055775200000014;46.783170000000005;50.85261079999998;41.270087999999994;45.30105250000002;43.504589133696;42.86605071999999;41.132864402824;47.06111959264;42.33329609291189;41.35052;44.03415999999999;46.1110501494;
41.1;40.75667696000001;40.46953697962999;38.286945073511006;40.223482928559996;40.35378999999999;40.443195999999986;40.08599200000001;40.430544053999995;39.68794381599999;40.871;40.660756248;40.59545840000001;40.594609999999996;38.07447037027;40.37326896;38.754263055673;38.505000990000006;39.7259524;40.41836999999999;40.204333599999984;38.762170999999995;37.432470900000006;37.27080052800002;40.27253372999999;40.786001816390396;40.55410499999999;38.06912493909169;39.81682;40.27384;38.72577692905601;
25.2;29.57766928000001;29.859807225510004;26.221454668187;30.81101740856;30.160629999999987;28.222396000000003;31.519393999999984;29.439880048544005;33.63639499599999;29.605092159999998;30.375044059999993;30.672199680000002;31.330701952000002;25.47231713959001;30.28326896;26.134101771941015;24.93650099000001;31.692348799999984;30.752970000000023;27.548088000000007;30.799282000000005;24.928406099999993;28.674316444656;29.86605071999999;31.572748288830212;28.572509018559998;26.926404839603467;30.678720000000006;30.50955999999999;24.874036646620027;
40.1;41.14744344;40.668228618069996;33.91959206961899;40.66136970961;40.78825;40.745596000000006;40.169936;39.836221601695996;39.796575476;41.462133439999995;41.705777408;41.96252184;42.075906368000005;33.19860828383;40.90163541;34.40066545991699;32.738800989999994;35.052634499999996;36.217970000000015;34.3724268;39.49041499999999;32.55092290000001;36.07915735494404;40.617678719999994;41.78199115268649;38.8937699216;34.37708260282794;40.33372;41.6988;33.834842487408025;
41.5;35.21748208000001;35.90975984451999;33.92413335218399;36.00021721873;36.071619999999996;35.201596;35.379388;35.64818806856002;34.551393667999996;35.451204000000004;35.312177068;35.319699000000014;35.2825488;33.38135848088;36.298095090000004;33.976505660712;33.046800989999994;30.846153199999993;31.64566999999999;32.218486799999994;34.567054;34.05339639999998;34.60693435240004;35.48823077;36.36502642747769;34.20757904799999;34.256896238492786;35.410140000000006;34.58504000000001;34.41121847588799;
32.5;27.155221080000018;26.292403678039996;29.341701622207992;26.040081827090006;26.254119999999993;26.055195999999995;26.869297999999997;26.3368494194;26.86744358799999;26.739475000000002;25.560364480999993;25.969384100000003;26.076692499999996;29.69945429055999;26.174932610000006;29.137141876544003;29.514700989999984;30.99648119999999;29.49367;30.630393200000043;26.387862;29.261769600000008;26.645589763700034;26.020396369999993;25.496154811751268;27.815101099999993;29.31376268641926;25.20818;25.37956000000001;29.155562261984016;
23.0;28.011524719999983;28.942005690760002;29.526599657112005;28.243811614639988;29.05323999999999;29.028795999999986;28.437295999999993;30.405335455143994;27.465550959999998;28.775146910000007;30.823668440000006;28.42777862000001;28.285968027;29.08107840184001;28.780057160000005;29.460468538216002;27.980400990000003;27.638192599999996;28.47407000000002;26.326405600000015;32.10763099999999;28.434753600000008;29.456635362534005;30.546808000000002;28.12909206655368;27.034432727829994;29.852521227182386;29.160580000000003;31.080640000000013;28.553939219152028;
21.2;21.678260019999982;20.78355515047;23.139468685898997;21.37154469872;20.83578999999998;24.543195999999995;22.057789999999997;21.564424741270003;23.5205582;22.639872750000006;22.136663580000004;22.588478500000008;21.942475674999997;23.53099368343;21.066786440000005;22.84160004595701;22.92430099;25.404791599999996;23.464669999999995;23.388375999999994;23.399328000000004;23.160024900000007;24.974910431949993;22.22495116999999;20.792314299999845;22.543023268499994;22.162489778910988;22.792759999999998;20.013360000000002;22.037589531380007;
39.6;37.27242000000001;37.51052824899999;40.478211687999995;37.27041104775999;37.391019999999976;36.511995999999996;37.60459600000003;37.8832302128;37.105931504000004;37.18186796000001;36.3938684;36.20234948;36.30320721200001;40.42145416;37.46556276;40.51425704399999;41.337900989999994;40.18720379999999;39.80086999999999;40.29209999999998;35.512577;40.95623999999999;36.785300199176014;36.78221651999999;37.35730536731376;38.39661880596;40.59124870164002;36.37552;35.71976;41.646987936919984;
45.7;44.35736272000001;43.737500787319995;44.599772321344;42.80952060396999;43.228840000000005;46.289596;42.55978000000001;44.802600549776;41.88607946;44.497403840000004;45.04928350600001;45.435614720000004;44.237599248;45.57762054207999;42.99797469;44.786167336592;47.11720099;44.40749369999999;46.60326999999999;46.30651959999997;44.95976100000001;44.853650399999985;46.057572897152035;44.65332516999999;41.93758420191887;46.082389728319995;43.67167756148487;43.77866;47.58144000000001;44.606246316656;
44.9;47.47806255999997;46.984503289079996;49.94421051957602;45.84485421330999;46.14813999999999;43.76959599999999;45.27622;48.29314872897601;42.29842248;48.13899619;44.377664356;44.99782379;46.035950043;52.179638262320005;45.85475421;49.817398216967995;56.04220099000001;47.21896150000001;48.61507000000001;53.81173960000001;42.327695000000006;52.3684624;48.21657427177901;44.161762919999994;46.742493993119766;48.67671999795;48.7444811028483;43.08802;44.94179999999999;52.027529625246004;
24.4;31.00490879999998;32.531080519;31.210107802999996;31.526762945889995;32.44858;30.463995999999995;31.138560000000005;32.3748529836;28.98519776;31.168690990000005;29.749421995999995;28.518514789999998;29.794569603000006;31.22197471;32.53345341;31.524596289000005;30.670200989999998;28.5406472;29.14887000000001;29.976476399999996;28.892971999999997;31.73022;29.67369768330102;31.05521891999999;31.7842129048407;30.563932016639995;31.001122275390006;29.794780000000006;28.005559999999996;32.49117562271002;
23.1;23.79807310000001;23.659483789;21.488031803;23.857807950319998;23.830359999999988;26.357596;24.138339999999992;24.590346583;24.85263122;24.863331000000002;26.002920954000004;25.0857954;25.048905700000002;21.237074709999998;23.950991240000008;21.264618628999997;19.915000989999996;21.670321399999995;20.90507000000001;18.530162400000023;27.240897000000004;20.81000999999999;27.07728543980001;25.60899653;24.292160285348757;21.922285251000005;21.17211868519;25.357460000000007;25.051560000000006;19.74594417680001;
42.0;42.14866848;41.39695612164;40.220324654528;41.16563292544;41.45122;42.05599599999999;40.98025600000001;40.74804475739201;40.499943284;42.31826956;41.599719722;41.65538408000001;41.257792732;40.12815599296;41.42179296;40.401495090304;39.64390099;38.27593439999999;40.41406999999997;38.21297680000001;40.85871900000001;39.8845056;42.16817920230402;41.63296956999999;41.643380700796826;39.138192760519985;40.92783634629254;40.95157999999999;41.93264;39.60318163315199;
37.0;45.09861864;43.62809945170999;38.890078928927004;44.12851460677;43.824369999999995;43.668796;44.159503999999984;41.421679175364;45.21139684;45.26467778999999;44.98774628000001;45.54356517;46.14567156300001;38.45136022139;43.96530909;38.88280910176101;38.61420099000001;40.06551329999999;40.756369999999976;36.824993199999994;43.170889;38.460804100000004;41.86472215439702;43.311013249999995;45.92176056057994;40.98115131863;40.6718652125405;43.917359999999995;44.83724;38.782930885628005;
27.8;26.754477199999997;25.346923590870002;27.378085278779004;25.231994371250007;25.323129999999985;25.147996000000006;25.953839999999996;24.580720911602;25.63132228;26.03241539;24.000228295;25.076736050000015;25.649991283000002;27.867537145029996;25.32842525000001;27.128020025797007;27.678700990000006;28.536219999999993;26.634970000000003;27.96121800000003;24.572070000000007;27.512436900000004;26.073429132204982;24.547318129999997;25.606183837652395;25.82177631879999;27.390571700772433;23.967800000000004;22.7912;27.05742508674001;
22.6;26.433430560000005;27.47433216628;26.551704559815995;27.54133647790999;27.46113999999998;28.222396000000003;27.08507000000002;28.969024600776006;27.2131356;27.400327310000005;29.683719831999994;28.19731123;27.888177907;25.91745215912;27.41660261000001;26.75349777528801;25.68600098999999;27.5127402;26.585269999999984;29.62817560000002;30.284098000000007;24.742326399999993;25.31199776099098;29.024550719999986;26.756789772852898;29.651151309539998;25.753401714676787;28.822620000000008;29.590560000000007;25.38331268016799;
19.7;23.014099180000017;20.52685901357;23.091133893469006;20.041026578479997;20.420769999999976;22.829595999999995;20.915509999999998;19.759234929757998;20.03542932;22.471029790000003;19.008466369000004;20.75820947999999;21.165380963;24.274142028329997;20.494415840000006;22.655951530467007;23.542700990000004;22.738368399999988;20.378170000000008;22.893110400000012;20.397022999999997;24.185912899999995;24.940900464028;19.836754929999987;19.817177583782552;21.373267121009988;22.708721586008757;19.074640000000006;18.212560000000007;22.569277422892014;
26.8;35.29956496;35.96205482323999;36.60887979144799;35.39776664286999;35.88429999999998;37.822396;35.06025999999999;37.171312505744;34.53575594;35.26560864;36.51042136000001;35.846786720000004;34.77224580800001;36.341850717359996;35.89883589;36.99962834186399;35.88240098999998;34.95509139999999;36.43246999999998;36.55055799999997;36.323712;36.00259160000001;35.50283148947199;37.18592893;34.60600825878453;36.59580131423999;36.068142578592614;36.17066000000001;36.66375999999999;36.771768849599994;
27.9;26.6628374;26.648600189000003;27.140553151999995;26.55566907076999;26.64975999999998;26.86159599999999;25.758330000000015;27.178059523399998;24.545038660000003;26.75458956;27.063251801999996;26.680360140000012;26.333851731999996;27.061844639999997;26.59072109000001;27.22116794600001;26.566300989999984;24.384597400000004;23.61907000000001;29.16388519999998;27.475012000000007;26.091439999999988;25.082361261907995;27.145101330000003;26.310350074774306;27.54355138695999;26.639203176040017;26.555460000000004;25.711560000000002;26.314779978420006;
13.1;21.46122736000001;21.529473434840003;22.223852301367998;21.650592883970003;21.57609999999999;26.004796;22.218817999999995;23.484238317808003;23.754362639999997;23.212931640000008;24.821944959999996;23.294132779999995;22.683268908;22.10990505176;21.687974690000008;22.083930372424;21.004600989999993;23.862915299999994;22.78147;20.303103599999986;26.196419;21.443947599999994;25.22695132209201;24.412168;21.2707849412177;22.134133602679995;21.149104738805107;24.19576;23.00324;20.619950090732004;
28.1;29.021534520000017;29.166411416840003;26.500212381767994;29.76754604141;29.38845999999999;27.869596;30.120722000000004;29.028925041568005;31.136409044;28.98469699;29.518846550000006;29.702936509999997;30.092792803000005;25.928562479759993;29.445496610000003;26.466351979623997;25.328100989999975;29.838036899999985;28.96276999999997;28.285969999999992;30.00542100000001;25.263917599999996;27.797351424588992;29.22315293;29.9360471301882;28.78619525827;26.9259110576067;29.507720000000006;29.80584;25.27577789111001;
34.2;28.721444960000014;26.716399015129998;27.33106810936099;27.194523711409992;26.886189999999985;24.744795999999994;27.33532;24.609394401784;26.328968519999997;27.09025376;23.70783609;26.642051920000007;27.260944472000002;27.83236295476999;27.015496610000007;26.844227542223;27.551400989999987;25.822172099999992;23.929669999999987;28.524932399999983;24.470208999999997;28.013950899999998;28.448239701535986;24.502379249999997;27.628790170795867;26.560153376320002;28.152206990546905;24.60762;24.537239999999994;26.969104524871994;
39.5;46.15820824000002;45.09271771283999;45.053987102967994;44.471298230079995;44.38287999999998;50.119995999999986;44.730771999999995;45.649682165392;46.54933622800001;45.85026016;47.581089202000015;48.25333784000001;46.36838155200001;46.57010836375999;44.16118704;45.37341389122399;48.593200989999985;50.2900372;52.21906999999997;49.883632800000015;48.310528999999995;45.196687599999976;49.12172888099203;47.01176636999999;43.25433928050114;48.506146227520006;42.39417329849151;47.25874;50.799839999999996;44.338729134111986;
19.7;22.556744959999975;21.32981216937;24.698237433729;21.274398200239997;21.26520999999998;24.391995999999992;22.15200600000001;21.789410168671996;22.743977748;23.034309440000005;21.852404416;22.06818944;21.895653568;25.308876516529995;21.35054576000001;24.454564803647006;24.737000989999995;26.26928439999999;24.38306999999999;24.238738400000017;22.881099000000006;24.83116690000001;24.418099635136024;22.211070079999995;21.018778831556716;22.768913721279986;23.88828282864003;21.86408000000001;19.445239999999995;23.965775480112;
41.9;41.618386;40.93018430025;36.892211802625;41.425808661249995;41.09634999999997;41.350396;41.327499999999986;39.441734586;42.1171849;41.708996;41.811823696000005;41.897329;41.9735012;36.317902371249986;41.259845250000005;37.22844666537499;36.09870098999999;38.62808299999999;39.32557000000001;37.26640280000001;39.98924600000001;35.86787249999999;38.117826026000024;41.02772148;42.57003275053728;38.988138207999995;37.344614756761864;41.58160000000001;40.916639999999994;36.689099182199996;
43.3;46.34598352000002;44.787011929319995;42.69411119974401;44.77615605951999;44.798140000000004;41.04799599999998;45.170632000000005;44.131242184976;44.198502388;46.63538283999999;42.323519332000004;43.997585920000006;44.549455548000005;42.95233483007999;44.77911984;42.83596237779201;43.50260099;44.0560912;44.84627000000002;44.42569280000001;39.86723599999999;42.98311039999999;43.186220689712;42.09040796999999;45.651305834897244;43.248217348720004;43.87961587347208;41.744260000000004;42.51104;42.88335290988799;
40.1;45.602232;44.39119892052;34.736289863383995;44.07491347;44.62588;46.591995999999995;42.9994;43.243080611616;41.2223704;46.33938284;45.657380720000006;47.048840199999994;45.490405548000005;34.01551466487999;44.508141;35.72421706231201;31.53820098999999;34.10990799999998;38.96807;36.19942799999998;44.363592000000004;31.91021640000001;43.400393970839986;45.31543251999999;43.56554899009343;41.097958524640006;34.9344555062944;44.504000000000005;47.907360000000004;31.84882179088001;
25.5;25.21502572;26.63660450948;27.318708361255997;26.218600968079993;26.61015999999998;28.726395999999994;26.109315999999993;29.065219238735995;26.203783104000003;26.838589560000003;29.859736815999995;26.867651960000003;25.843896732;26.681604739919994;26.41826804000001;27.686712505207993;25.699700990000004;27.9643164;28.36677;27.833320799999996;30.52515800000001;25.163800399999996;24.544503545672022;29.360597319999993;25.80558756482276;26.98689916584;25.866033235134065;28.477840000000004;27.769959999999994;25.883741999864014;
28.8;31.682222000000024;32.836377639;36.68515168900001;32.44257696553;32.72014000000001;33.99199600000001;32.856288;33.766555822;32.911599532;31.378874999999997;32.74692889799999;31.459650500000002;31.693417500000006;36.37974373000001;32.87002869;36.65884704700001;36.851900990000004;36.179395299999996;35.437069999999984;34.12842520000001;33.209520999999995;37.21449;33.74815135450001;33.57166877;31.882704565613693;34.036149375;36.32977243799001;33.100739999999995;31.88304;37.78819419920001;
39.1;37.096330080000016;37.48545918644;40.45461365528799;37.831926427839996;37.559919999999984;35.80639599999999;37.68128000000001;37.581302208016005;37.157599780000005;37.23084383999999;36.335489408;37.181223440000004;36.85986724800001;40.097516466159995;37.78290336;40.132560034983996;41.19380099;37.09695119999998;36.766470000000005;39.20491039999999;35.82752200000001;41.46270359999999;37.889803966976004;36.331517330000004;38.03938511528838;38.24946548064;41.279053264719984;36.80838000000001;36.29976;41.61736865945598;
31.6;27.81432240000001;30.001682297749998;31.55304875787499;30.01821842576;29.787069999999982;29.835195999999996;29.66698600000001;31.899553011550005;30.650002196000003;29.130163789999997;32.708318684000005;30.118641139999998;30.126095762999995;31.04616161375;29.653714759999996;31.597227266125003;32.231900989999986;33.46817079999998;32.60257;34.21618479999998;33.505602;30.190442499999982;27.898361703773993;31.584773119999994;29.566450782270522;32.80483801914001;30.628574177611895;31.723820000000003;32.74375999999999;31.58324473066;
24.9;24.28157827999999;22.622166753479995;22.52369965805599;22.189757945569994;22.70997999999998;24.54319600000001;22.95122199999999;22.516137101464004;22.308549011999993;24.158821560000007;22.413792118000003;22.969247460000005;23.108352131999997;23.05059111592;22.730299490000007;22.205772147608002;21.482800989999994;21.805881499999987;20.738570000000013;20.26354759999998;23.726954999999997;22.7931204;26.29387552414799;22.947651169999993;22.160177336595183;21.2382275346;22.44168769067966;21.860059999999997;21.791400000000007;21.344263769048013;
32.8;32.55105575999997;32.73282210548;28.358454995456;33.79038216536;33.16954;28.77679599999999;33.58026;31.444899913416002;33.98611042;31.745248160000006;31.702782874999983;32.92017088000001;33.719650152;27.64377803392;33.25077716;28.132187575808004;26.86510098999999;28.908942399999994;28.849470000000018;29.59360319999999;32.277606000000006;27.433970400000007;31.450960581216012;31.497331250000002;34.18717292328708;30.79132688608;30.236160420550476;32.28902000000001;33.74763999999998;27.225648578815992;
21.3;25.864339639999997;29.35481433332;29.93862286554399;28.84674649016;29.135199999999987;31.548795999999996;29.165840000000017;33.237098552103994;31.15056752;28.77207051;34.83272018999999;29.713797420000002;28.581716946999997;28.864152536080006;28.83398036;30.434991947191996;28.946300989999983;35.47484079999998;36.167770000000026;32.2510096;36.101932;27.175910399999985;26.304165324085993;33.221793;27.257209103579356;31.708820847360002;27.449499406588476;32.93862;34.24976;28.799795322568002;
25.4;24.96890615999999;24.81410838868;22.456197161896;24.96421167791;25.002339999999975;26.710396000000003;25.618310000000015;25.712293171672002;26.542248479999998;25.799318190000008;26.757809499999993;26.05803141000001;26.004523442999997;22.11210366472;25.07660261000001;22.323361380728002;20.73830099;24.786034299999997;23.964370000000017;21.222790000000003;27.940987000000007;21.5363544;26.889562959358994;26.43399491999999;24.890377463513715;23.82748573638999;22.290621374628145;26.067420000000002;26.64296;20.73499436988999;
31.3;26.23729332000002;27.43497443116;27.791526824191997;27.571718985890005;27.47103999999998;28.52479600000001;27.502993999999994;28.952744840864003;28.39102176;27.468327310000006;30.07709514999999;28.045645770000004;27.727387907;27.17374495744;27.42345341000001;27.818392938656014;26.834000990000003;28.5453104;28.15077;27.477373999999998;30.901924;26.316279599999998;27.068552286869007;29.376032999999993;27.763455131447785;27.52862105912;27.310883745297655;29.240579999999994;29.08624;26.728613387470006;
25.0;27.350200959999995;26.60406786161;30.052209784657002;26.447691347930007;26.560750000000006;26.155996000000002;26.858940000000025;26.382714654738002;26.57206804;26.886784190000004;25.75626683499999;26.01419657000001;26.16730864300001;30.429952657490006;26.48682149000001;29.843773569151004;30.38020098999999;29.78466319999999;28.584770000000027;30.156753999999978;26.290454;30.002340100000012;26.739583875173;26.23681453;26.847371198047654;26.87764368888;30.00285216737538;25.55764;24.247839999999993;29.99178424703001;
27.7;29.483580399999994;31.23851764937;34.171521433729;30.92417658999999;31.131129999999978;32.379196;30.877960000000016;32.341503521052;30.605129479999995;29.293850910000003;30.834487126000013;29.585966200000016;29.735706826999998;33.89007651653;31.334844;34.278510093647;34.18340099000001;33.03677799999999;32.53377;33.22495520000001;31.310360999999997;34.5850369;31.201234519219998;31.91827212999999;30.012605428858166;32.84059607982999;33.45548566924003;31.70000000000001;29.719640000000005;35.376267769872;
42.7;41.453506799999985;41.21213428275;41.784547602374985;41.38811406979;41.047929999999994;42.358396;41.113820000000004;40.8650574443;41.78768274000001;41.53284611;42.518134016000005;42.41019997;42.166950267000004;41.766658478749996;41.126823810000005;41.87010646962499;43.19150098999999;41.6202253;42.001170000000016;42.64119480000002;41.320953;41.64030249999998;40.02816260701902;41.60639728;42.061871939295685;42.438940040489996;41.840155921261875;42.06338;42.28755999999999;42.59756566697999;
30.3;26.93507699999998;30.084484196929996;32.924557113420995;29.93887406;29.796969999999977;30.893595999999988;29.337430000000012;33.095290521638006;30.324960519999998;29.082163789999996;33.97089184100001;30.108756100000015;29.065580762999993;32.48382400897;29.571124999999995;33.06649552880301;33.54340098999999;34.07612499999998;34.334070000000004;35.55711759999997;35.187195;31.430736899999992;28.036841702249998;32.721343730000015;29.033888808517503;32.738329654249995;31.035915131326806;32.85560000000001;33.67479999999998;32.99264928876801;
39.5;35.56772472;36.110669274989995;40.47143625242298;35.75423522491;35.89200999999998;38.124796;36.059743999999995;37.077093187248;36.62820322;35.24404496000001;37.050019520000006;35.93983188000001;35.570444112000004;40.36409799811;35.949440609999996;40.50484199128899;41.36080098999999;40.232953899999984;39.95916999999999;39.1814852;37.142931000000004;40.674674100000004;36.88375340305601;37.341877000000004;35.344393393654684;38.25944679247999;40.0414944673189;36.88472;36.71864;41.488937532527984;
33.7;30.02335887999996;31.44447220316;34.277614022592;31.614513157909993;31.40607999999999;29.633595999999997;31.863314000000003;32.44548366928;33.101946207999994;30.468292750000003;32.332502584;30.94866515;30.962234674999994;34.19700164544;31.256602609999998;33.96198508985601;34.92680099;35.55375459999999;35.42327000000002;34.72383240000002;33.598154;34.0372796;31.44437353457498;31.897240479999986;31.342598811235348;32.025231280499995;34.64763356104807;31.940620000000003;33.45584;34.69882574433802;
19.0;21.450133239999985;19.496498799829997;21.202749075850996;19.981168672789998;19.620849999999994;23.131996;20.198335999999987;19.308535506904;20.251630648000003;21.711284160000005;19.332871819000005;21.050248880000005;20.297039351999995;22.093188564069997;19.888241810000007;20.700569694292998;20.80650098999999;19.13173019999998;17.64537000000001;20.164575600000006;20.981252;22.132194900000016;25.870581500264006;19.933993329999993;19.29637850563799;19.65005145696;20.566180610406988;20.351380000000002;17.62716;20.080669712987998;
37.3;35.30174936000003;35.528139606589995;30.56613417334299;35.87918004846999;35.757849999999976;38.326396;35.917480000000005;34.97759152750801;37.32723986;35.08013491;37.61722252800001;36.57736159;36.32249162700001;29.70654560250999;36.01446069;31.000558274848984;28.485600989999995;33.602495099999985;34.066769999999984;29.45469639999999;36.926543;29.271860100000005;33.25555530542303;37.42217808;36.05713535493999;33.580665140389996;30.09365953560738;37.69366;36.44316;30.171296566116;
40.6;38.30413104000003;38.63585804531999;39.35891457394399;38.64926456971;38.52189999999999;38.729596;38.32694;38.693447564416005;37.998206159999995;38.38353504000001;38.29723596800001;37.962995440000014;37.604981888;39.28430992408;38.59703181;39.75526864839199;39.85630098999999;39.07327070000001;39.71387000000001;41.834018799999996;36.881583;38.8909404;36.56372106438401;38.56152591999999;38.774568336732955;39.50151334816;38.768561638935665;38.54012;37.32735999999999;39.998263974127994;
24.9;31.3040668;32.311459708390004;31.288331231002992;32.43507330999999;32.454789999999996;33.991996;32.74078000000001;33.12250542816;33.39725395999999;31.037124000000002;32.875848735999995;32.34349440000001;31.9739328;30.691503608709997;32.751564;31.312756526229002;30.08750098999999;32.624863999999995;32.27896999999999;29.175546399999973;33.464332;31.460078099999986;32.90479439840002;33.47266876999999;31.77549637599745;31.659795583999994;30.908827408258823;33.6105;32.38895999999999;31.64832255849599;
39.9;40.21626704000002;39.48546179177;33.303335297009;39.423007315359996;39.70884999999999;40.140795999999995;39.53515999999999;37.926756718472;39.68734922;40.23908076000001;40.1994351;39.49958428000001;40.029631372000004;32.59718570613;39.80077716;33.817983380687;31.15430099;35.440998799999996;36.74557;31.330172000000005;38.48892200000001;31.919618899999982;36.639991645976004;39.906573;40.66837511496763;35.216593456560005;33.68353118429025;39.33352000000001;39.16735999999998;32.596988138120025;
39.8;40.39092000000002;39.959553899;35.13264662499999;39.44856215125;40.07469999999997;39.132796;39.119519999999994;40.00051087;37.602126;40.698968910000005;39.233213120000016;39.77728615;39.275141427;34.73420125;40.05504525;35.698575375000004;33.51800099;34.765072499999995;36.89826999999999;35.81503959999998;37.507254999999994;34.05917999999999;37.14939692380503;39.421867999999996;39.50874508930218;37.82243147615;35.47888515555001;38.190900000000006;39.76060000000002;34.70470521225002;
30.3;29.097787100000005;29.191592425560003;25.571474252072;29.375075003750005;29.489860000000004;28.171995999999993;30.002570000000006;29.477819453344;30.510785099999996;29.15497651;29.744180809;29.40464185;29.436050147;24.893603369039994;29.433775250000004;25.711882463496014;23.249400989999994;29.041622999999994;29.12877000000002;26.635171600000035;30.33488400000001;23.908685600000013;27.277964843655006;29.658575329999998;28.816708615089055;27.756108419420002;25.95647429098017;29.1932;30.109839999999988;23.831249134062006;
35.9;33.25425224000003;35.85138485796;32.106136127552006;35.76527536067;36.18352000000001;32.55679599999999;35.34115400000002;36.96852666924801;34.100982480000006;34.08378259;37.42238979999999;34.87128083000002;35.117708123;31.234917312640007;35.85290429;32.07511805513601;30.010300990000008;30.74936490000001;33.60997000000004;30.161402799999962;39.20213699999999;30.66191160000001;34.741309872867014;36.56502500000001;34.91553045011227;31.79573324709;33.69767875554664;36.41546;40.35135999999998;30.93856383350601;
45.3;43.94439799999999;43.32374797274999;43.689401656375;43.07638172704001;43.04862999999999;47.90239600000001;42.49858799999999;43.38600034539999;43.175547896;44.10480204000001;46.453594224;47.064406760000026;45.07674178800001;44.27229525875;42.95974356;43.65941251162499;45.229200989999995;42.022883199999995;44.621369999999985;43.46041920000002;47.246722000000005;43.74741249999999;46.31995345341603;45.43382693;42.186704424131946;45.40000212784;43.79501160406187;45.58098000000001;49.49935999999999;43.24936906239999;
33.0;30.96524783999999;32.400452998679995;31.005381161895993;31.92592273548999;32.30469999999999;33.891196;31.765728000000003;32.934410477408;31.53809374399999;30.824797560000004;32.700411896000006;30.864946780000007;31.543944332;30.63290366472;32.47099101;31.456713520727998;30.356700989999993;31.961902399999985;31.855270000000004;30.63915320000001;32.159904;30.507064400000004;29.490122462964017;33.38317167999998;31.751196856324412;32.47165883711999;30.01976155722815;32.78768;31.02304;31.886611266551995;
45.5;42.65944496000003;42.01598921626999;42.737329669158996;42.24701844064;41.83951;43.164795999999996;42.38118400000001;41.319154059032;43.59512066;42.56930636000001;42.98269128;42.844467320000014;42.715599692000005;42.91686768163;41.89223316;42.863138538136994;44.22480098999999;44.350407399999995;44.64916999999999;43.919648800000004;41.82881900000001;42.635778899999984;41.545303886264016;42.332472;43.06867160015497;42.50442020332001;42.60678980628145;42.89308000000001;42.74663999999999;43.212851078928;
42.4;40.729018800000006;39.91429766899999;39.918697152;40.546760019759994;40.14922;40.644796;40.92929999999999;39.3988838212;42.4295345;40.570982560000004;40.905457549999994;41.893001119999994;40.938328832;39.48554464000001;40.35761076;39.641428436;39.59330099;40.092262600000005;40.328470000000024;37.637407999999965;40.718599000000005;40.257179999999984;41.17294693833603;40.27834325;40.73377311854702;39.40565932912;41.300895116039996;41.00502;41.64104000000001;39.96227274159999;
40.7;34.15080591999998;35.290764026519994;40.222102475584;34.79338325437;34.91884;38.326396;34.63304;37.29785301382401;35.05381936;33.88635339000001;36.839925616;35.77985913;34.678374883000004;40.20105741888;34.95297789000001;40.436341166912;41.60150099000001;39.62406810000001;39.588870000000036;41.5772508;37.038562999999996;40.09231639999997;35.20393055459701;37.14497808;33.732560931694024;39.66664999971;39.001536296873994;36.66886000000001;37.02956;41.562457351747994;
40.6;40.27571992000003;39.988187247329996;40.46690725610099;40.264034347329996;40.07070999999999;41.652795999999995;39.907951999999995;40.350520710932;40.45470756;40.36032731000001;41.098164609999984;42.03807001000003;40.22118790700001;40.23628105656999;40.170940290000004;40.46816090004301;40.21980098999999;38.3204396;39.96717;40.23194280000001;41.087102;40.33700489999998;41.099934114797016;40.884719249999996;39.62869182526569;40.71950479476;41.078452238935;41.111439999999995;42.51716;40.24263151977797;
29.3;30.994957079999978;29.891137104039995;33.261932916408;30.220310291989982;29.892219999999977;26.256795999999994;30.017149999999997;28.342372411680003;28.97297458;29.253382749999993;26.60824464999999;28.86681065000001;29.340212674999997;33.83246378456;29.865265009999998;32.87986967714401;34.56750098999999;31.488405499999985;29.884369999999983;36.66223640000001;27.002304999999996;33.825229600000014;28.893457609975023;27.413081249999998;30.104007851912172;31.584394303750003;33.99720521301406;27.35868;27.242;33.973649841717986;
45.2;37.1017236;37.46571664907999;43.736257520576004;37.72258043875;37.33912;36.007996000000006;38.229720000000015;38.21845658958401;38.234164619999994;36.946043640000006;36.15071923399999;36.855080300000004;36.42838530800002;43.71801783232;37.510337250000006;43.42963127996799;45.74050099000001;43.204035499999996;41.747669999999964;44.47804360000001;35.724537;44.97978239999998;37.95385854094002;36.367509969999986;37.46072652172987;40.58476896284;44.03494383377032;36.93770000000001;35.984959999999994;45.53205047181599;
51.4;42.54104303999999;42.225629211729995;47.973146850581;42.04872815899;41.876349999999974;41.047996;42.013408000000005;43.247209825176;41.645898671999994;42.67237484;41.68105822399998;42.67048366000001;42.232877948;48.671677830170005;41.87176701;47.47613395868301;51.50650098999999;44.86327589999999;44.79176999999997;47.9479796;41.107648999999995;49.800742899999975;43.685539332396026;41.10040796999999;42.07720480546324;45.58126417388;48.771386973606354;41.06398000000001;43.13463999999998;49.917965979795994;
23.1;23.35921823999999;24.630027471080002;23.989469790975992;25.163043464089995;24.76479999999999;28.02079599999999;25.46342599999999;26.873545993727998;27.916545279999994;25.498987839999998;29.09686015999999;26.889737760000006;26.343394047999997;23.22849356032;24.895294610000008;23.778440487167998;22.64110098999998;26.211277799999984;25.25127;22.341757200000018;30.721037999999997;22.75740239999999;28.042568453376006;27.887072000000003;24.8886465085956;25.376652884159995;23.5209927773991;28.319480000000002;29.21196;22.36545772441599;
44.4;38.34143880000002;42.692762449;39.865759999999995;42.98878247936;42.179020000000016;34.270396000000005;40.991884000000006;43.194531536000014;39.688119616;38.32366304;41.14846294;39.52191456000001;41.62862348800001;41.177040000000005;41.84534816000001;39.50370727999999;44.73850098999999;39.63132719999999;41.482969999999995;46.37113199999999;42.235257999999995;41.29226;37.995470519103975;40.00453391999999;44.292359581828094;40.135180090559984;38.9741769842;41.85072;44.24555999999999;42.90345474431999;
27.1;28.080727919999987;28.84177570819;28.22285093326299;29.654436058159995;29.11290999999998;28.524795999999995;30.084746000000006;29.471591312276004;32.1594609;28.76626956;30.517501659999994;30.008090719999995;29.812812731999998;27.588732436909993;29.198087360000006;27.890191735409005;27.09540098999998;30.471131200000006;29.941570000000006;27.85790159999999;31.914148000000004;27.451206100000007;30.599895639215994;29.880933;29.433607897128354;28.704113362239994;29.067965083298255;30.525119999999998;32.06996;27.191115471271985;
36.6;32.97311500000001;35.199715296360004;32.429007327232;35.24393599999999;35.15805999999998;31.397596000000007;35.15448;36.089553948680006;35.63152401999999;33.291224;35.77863241100002;34.014602800000006;34.77306779999999;31.815927850239987;34.906376;32.68082791737601;32.29070099;36.67008;37.34917000000002;36.47182160000003;36.226315;30.742557599999987;30.162626403200022;35.017174530000005;34.496575222899196;35.16692484000001;32.140584016720716;35.18190000000001;36.68699999999999;32.132304740352026;
46.4;47.70616344;46.68506587406999;42.461415447819014;45.972015360010005;46.34784999999998;45.684796000000006;45.16267599999999;46.17450491720001;42.81499988;48.47860000000001;46.447514029999994;47.10002000000002;47.893269999999994;43.022451657830004;46.158533010000006;42.874419852517;44.288000990000015;41.4593955;43.84997000000003;44.63004680000003;43.970895000000006;42.07016289999996;44.96845093239999;45.345663250000015;47.11772262760081;45.945531;42.55881199127355;44.53982;47.264;42.57151659776801;
38.1;42.79073183999999;41.86462356964;37.589115312128;42.30141541888;42.27478;38.326396;41.865499999999976;40.457387979776;40.4073728;43.35457503999999;39.68280651200001;41.64653632000001;41.411169888;37.12398122495999;42.43388064;37.587819887104;36.114500989999996;34.32934399999999;36.23687;36.435405599999996;37.870174999999996;37.72092559999999;40.447950033408034;39.57047808;43.04086136043226;38.210261345599996;39.498420236378955;39.53224;40.033200000000015;37.23961803878399;
24.2;29.370789360000003;28.61843574041;33.767058409417004;27.924969369529993;28.601949999999977;26.811195999999995;28.106955999999993;28.519826888282008;26.337600115999997;28.423031390000002;27.042979855999988;27.33217392999999;27.436191482999998;34.33022881069;28.362176690000005;33.255471475831;34.28620098999999;29.316105399999998;28.76137000000001;32.445845200000036;28.456818000000002;34.52697210000001;30.721958375933006;27.76617871999999;26.92260486007774;29.39126285626;34.69705976393713;26.27534;28.93375999999999;34.28876463179401;
39.5;41.23550479999999;41.02813614899999;43.903935874999995;40.46472196;40.68279999999999;39.737595999999996;40.5711;41.808604242;39.663624639999995;41.31259978999999;40.131221928;40.293277400000015;40.461484963000004;44.32238374999999;40.624956;43.923418645;46.240200990000005;43.277832;43.30167000000001;44.95451680000002;38.725708;44.59503999999998;40.08448055934002;39.94174531999999;40.80046417194009;42.92228288016;43.95132671794999;39.2067;40.338360000000016;45.43723528679999;
14.7;20.21518286;20.486633861889995;21.817853223452992;20.404615140319994;20.351049999999997;25.853595999999996;21.431529999999995;23.153843190126;23.66413884;22.373438910000004;24.407677784;22.462292660000003;22.010605426999994;21.74713285520999;20.440991240000006;21.888877396578998;21.19640098999999;27.455395199999987;25.414270000000002;22.92082240000002;25.583006000000005;20.626108099999986;22.590409592478014;23.81410573;19.46874146637026;23.700804253479987;19.96724883755561;23.538160000000005;22.06184;20.317699236528;
41.0;35.79219520000002;36.32868219852;34.280604969984;36.33504843625;36.40527999999998;35.60479599999999;36.105219999999996;35.55839627752;35.42203122;35.883331000000005;35.454276070000006;34.6332885;35.2481607;33.88333682687999;36.57273525000001;34.674893976111996;33.53720099;34.276410999999996;34.62387000000001;34.45916120000004;33.889268;33.80596639999999;33.080095302500034;35.85947325;36.90523957554325;34.77540183399999;34.07809910637319;35.6881;33.64136;34.84581561589199;
30.1;30.412793980000004;28.48640889812;31.636348590103992;27.737449215680005;28.405119999999993;25.248796;27.35978800000001;26.684870223199997;24.20587386;28.194618750000007;24.506328820000007;26.499527999999998;27.294901874999994;32.56305177528;28.200338240000008;31.372873065271992;32.605700989999995;26.5511712;25.214069999999992;33.3831888;24.725308999999996;32.29599439999998;27.204397783399997;25.72809925;27.675153697832627;29.09286426874999;32.29116841712413;24.22024;24.581839999999996;32.23803733198403;
27.4;26.368211040000006;27.848927070760002;27.335879657112;27.638312317519997;27.853719999999996;29.129596000000006;28.085640000000005;29.864151212304;29.275737440000004;27.860363960000004;30.968649766;28.139133240000014;27.794208412;26.53087840183999;27.703328840000008;27.62946153821601;25.833900990000004;30.880748399999998;30.90947000000001;27.551305599999978;31.587442;25.190203599999993;25.753761524728027;30.215308679999985;27.651371714776815;27.667116195760002;26.328663136182396;29.658960000000004;29.424360000000004;25.941211499551997;
21.1;23.939344000000006;23.44429195025;27.120380015625003;22.227039181280002;23.17909;25.702395999999993;22.326889999999995;24.495467338500003;20.95878282;24.364822840000006;24.362871286;22.764646520000003;22.983663548;27.593290781250005;22.96062644000001;27.159024904375013;27.279500990000003;24.731508399999996;23.534970000000005;25.907528800000023;24.857557999999997;26.59117250000001;23.41350647704802;24.620827719999987;22.623510985600433;24.527832287759992;26.088090570621894;22.801840000000002;21.447559999999992;26.74897601346001;
35.7;34.503438560000006;33.859124705959985;32.67447864115201;34.078948939280004;34.16530000000001;28.222396000000018;33.83724;31.775473884031996;31.925475679999995;32.56455579;30.552477288000006;31.997193779999996;33.471978162999996;32.69120446464;34.02940244;32.301020439936;32.12980099000001;29.085382599999996;29.60997000000002;30.911090399999978;30.862267;32.77951160000001;32.862950676938;31.242150720000005;35.7493108028568;28.961184058589993;34.913065071444244;30.709140000000005;31.33136;32.57519844336801;
39.5;32.964674160000015;33.66821160316999;38.169646659588985;34.29519592338999;33.71971;38.83039599999999;34.806508;35.82616964307201;37.944501576;32.303424160000006;37.198301102;37.35002852;34.832272352000004;37.54979419673;34.01743341;37.911252607627006;38.24340099;39.8078839;38.952170000000024;37.481863600000025;39.013429;38.31049089999999;37.110351916384026;37.00220573;32.60522701288819;37.84985696912;37.785369391834514;38.17878;38.837439999999994;38.691730706975974;
29.5;32.54356320000002;33.21773501771;30.719252701127;33.66317323;33.48210999999998;33.08479599999999;34.26422;33.536924318128;34.57354178;32.33942416000001;32.53738351999999;33.02265520000001;32.580082352000005;30.135494175390004;33.835116;30.762075746361;29.403700989999997;34.04445400000001;33.27237000000001;30.443911200000002;32.557849000000004;31.002034100000017;32.639735891840026;33.158131999999995;33.15112331537881;31.974217652319993;30.56910512931571;33.759600000000006;32.10623999999999;31.090532022847995;
25.5;30.00400159999998;28.852651900249995;27.304895802624998;28.312600429999986;28.881849999999982;26.407995999999997;28.46903000000001;27.910158492;26.544401939999997;28.635784000000005;26.543477687999996;27.398064;28.0231848;27.55750237125;28.69372400000001;27.59442340537501;26.63800099;28.27392799999999;27.57917;30.809275200000002;26.03512599999999;26.24767249999999;23.9815665775;27.355034879999995;28.430764977872627;28.145614871999996;27.155350996761882;26.0172;24.525240000000007;26.648924642900027;
36.0;38.03305712000001;37.90239438662999;33.813328162411;38.15023263568;38.08170999999997;39.132796;38.07695999999999;36.91234037102401;38.70753682;38.00103824000001;39.020383679999995;38.35968632;38.439882928;33.11157414327;38.26530324;34.19687410837299;32.34760098999999;35.38768319999999;36.05577;32.87353440000001;37.728424000000004;32.74217089999999;35.34526582460802;38.69916799999999;38.87218943586183;35.709040844479986;33.84624230089851;38.78184;37.873839999999994;33.61065610422399;
21.3;23.129821399999997;21.847531929000002;22.66342110099999;21.39969567752;21.78136;24.54319600000001;21.974916000000007;22.157875880000006;21.673784835999996;23.40604475000001;22.239833938000004;22.147495099999997;22.303144075;23.22207656999999;21.793328840000004;22.61372140299999;22.17780098999999;23.30434839999999;21.804070000000014;22.11622159999999;22.871532000000002;22.381339999999998;23.18047874505002;22.62095116999999;21.58727017624571;21.96236209349999;21.80552808979001;21.693559999999994;19.347760000000005;21.606434560400004;
24.5;25.302547599999997;23.744470829;25.693279688999993;23.573134045189995;23.638179999999977;24.492796;24.263229999999993;23.110424299399998;23.9628584;24.766421310000005;22.563887379999997;23.642129430000015;24.144559707000003;26.373543729999994;23.669120210000006;25.584862227;26.22030098999999;27.808363499999988;25.512770000000017;27.61647640000004;22.878934999999995;25.686360000000004;23.663580424079033;23.127937;23.86622243691025;25.051188339549995;25.142365821789994;22.618180000000002;20.134399999999996;25.30538926810999;
48.1;46.65575039999999;45.446932448999995;37.542101108999994;45.94500123423998;45.38187999999998;47.80159599999999;45.423136;43.8740374488;47.038642016;46.98315436;48.558727567999995;49.61843607999999;49.027005292;36.99709312999998;45.463649759999996;38.242566907;37.60220098999999;42.415817999999994;43.742270000000026;42.59311679999999;46.08511499999999;35.281209999999994;40.52373289038401;46.09250451999998;46.84751600211091;46.587859045399995;37.37410180839;47.40247999999998;49.64640000000001;37.00853730975999;
26.3;22.00282550000003;22.711121125250003;23.377963324124995;22.35224584928;22.547289999999997;26.86159599999999;22.930506;25.237977471850005;24.338573912;23.924989710000006;26.428727879999997;23.849318260000004;23.44792818699999;23.03612812624999;22.50940244000001;23.712080899874998;22.465200989999992;27.829838799999994;26.405669999999997;24.864967999999976;26.961196000000008;21.466382499999977;21.684475013961993;25.808601330000002;21.87065773391916;25.19913865257999;21.411591055411872;25.122840000000004;23.282239999999998;21.8829029236;
33.9;32.10843951999999;33.23244247012;34.024202482504;32.08280908072;33.02224;33.387196;32.400876000000004;33.749532181472006;31.405621187999994;31.95230611;32.44787092;30.47039514;31.736582266999996;33.866130043279995;33.04256244;34.289000008472;33.89700099;33.79267979999999;33.57466999999999;31.326524000000006;31.965859;34.184334400000004;31.55612914345801;33.32009332999999;32.3841885012763;32.66215473437;33.59176495659936;31.793759999999995;31.03884;35.21793918236003;
19.9;28.019899199999998;30.03323921068001;28.490000294295996;29.98207888375;30.122619999999994;28.649596000000003;29.73128000000001;29.622074974640004;28.38858872;28.08830275;27.375007376;26.608361050000013;27.610431675;28.375988732719996;30.454415250000007;28.632039293928;27.806500989999996;27.702490999999988;27.41966999999999;28.136771599999975;27.411782000000002;29.39303439999999;28.70475720937499;28.880701919999993;29.31364050316614;28.6753922415;27.946798863472942;29.204500000000007;25.394760000000012;29.632169596476018;
25.3;26.501243999999986;25.35923733025;27.838908015625;24.969144236719995;25.33560999999999;25.50079600000001;25.106690000000008;25.20987646375;24.015466499999995;25.949458589999995;24.3143965;24.796580520000006;24.561085322999997;28.34869078125;25.238025440000005;27.802821284375007;27.61690099;26.570541999999993;25.57326999999998;29.195700000000016;24.733135000000004;27.557502500000016;24.65046228765198;25.024976999999996;24.742952093319587;25.919189629949997;27.507140805621876;23.99106;22.346799999999998;27.399350895360016;
25.6;27.35945750000002;25.41270076775;24.176789296874993;26.404291849520003;25.83391;24.744796000000008;26.754990000000003;23.649722900000008;26.629613799999998;26.33733776;23.522335874999996;26.552823040000007;26.453199272000003;24.481589843750005;26.109119840000005;23.426057703125;23.222700989999996;22.3386804;21.24857000000002;22.732759999999985;25.206606999999998;25.189892500000013;31.114396387168;24.145979249999996;26.572519435175536;23.228664555359984;25.24552439847187;24.81726;25.54796;23.088200231900004;
14.1;21.123040000000003;20.81748937103;22.98786718189099;21.301339069999994;20.91846999999999;25.399995999999994;22.259330000000002;22.62408740045999;24.410502900000004;22.778971000000002;23.771379748;23.289000400000006;22.5923987;23.083698166869993;21.144956000000008;22.40050422201299;22.377000989999992;24.823629999999994;23.136070000000014;20.643947200000014;26.145125;23.290278900000008;28.567519415900016;23.399824480000003;20.391080889305186;22.208389484999984;22.428356864905062;23.730999999999998;24.361;21.731085700075994;
46.8;49.22104879999999;47.69478955475999;43.38994326591201;46.96148275000001;47.29635999999998;49.414395999999996;46.571139999999986;46.59656249392;45.411404479999995;49.703771;48.24093304800002;48.861115800000015;49.0362187;44.450630617840005;47.028141000000005;43.84481493661601;45.23630099000001;44.509038000000004;47.84727000000002;45.15709039999999;47.324842000000004;43.02768360000001;50.281478299800014;47.65771987999999;48.03171268142256;45.38507532599999;42.568704969571215;47.1864;50.17176;41.864606453335995;
35.7;36.728050560000014;36.73065863107999;36.42711779097599;36.49635928351;36.86044;34.899196;36.970276000000005;36.737144074304;36.134380608;36.72171779;35.092979888000016;35.50596801000001;35.59154956300001;36.054893560320004;36.99445701;36.371561867168;35.722900989999985;36.006679699999985;36.064469999999986;34.000127599999985;34.46323299999999;36.99047239999998;36.43368821579902;35.56996388;36.68790462031191;34.94939579301;37.1991137283991;34.92222000000001;35.11996;36.969177430266;
35.1;32.433171680000015;33.24166052195999;33.938095969352005;33.583899440959996;33.285880000000006;29.381596000000002;33.83393600000001;33.003959208224;34.55871325200001;31.908375709999998;32.42149559800001;32.298681480000006;33.225322387000006;33.83787933864;33.16779056000001;33.63359717253602;34.56900098999999;35.7544012;35.36537000000003;35.281844800000016;33.17031300000001;33.728141599999994;31.896857825316005;32.23083533;33.738575687797976;33.07192121019;34.991877046885435;32.38412000000001;33.84296;34.35294747753602;
48.1;42.66799200000001;41.859379769;38.17103852800001;41.89165982272;41.67526;46.99519599999999;41.89967199999999;41.482470145600004;44.310922416000004;42.41702579000001;46.122404996;46.02620068;44.602437163;37.77867296;41.69647344;38.725118084;38.20860099000001;43.14043879999999;44.21247000000001;40.48999119999999;45.465228999999994;36.29406999999998;40.23605191101203;44.47736228;41.713866119595664;43.84355359633;37.34213644464;45.01206;47.62883999999999;37.62727666148001;
33.0;28.583643800000004;27.972480812750003;33.63081566037501;28.142331229999996;27.98995;26.559196;28.387010000000014;27.601611493200004;28.267850120000006;27.91373584;26.80422799499999;27.689199199999994;27.821664648000006;34.03545353874999;27.964184000000007;32.912678443625005;34.65110098999999;30.775856;29.36157000000003;32.56982399999998;28.385962000000006;34.62191249999998;31.63085947888001;27.18707276999999;27.808309626927354;29.445322712639992;34.67384473566187;26.927099999999996;28.720759999999995;34.216081770700015;
36.9;33.51616832000002;35.51056368836999;32.416474979029005;35.42796238247;35.34498999999999;31.044796000000005;35.355879999999985;35.964418180468016;35.58182081999999;33.43419084;35.32281723999999;33.74609502000001;35.091563148;31.949436037529992;35.075912689999996;32.81242446154702;32.90700098999999;37.71841099999999;37.97146999999999;37.36013639999999;35.00823;30.631766899999985;28.620427011852;34.711147999999994;36.02355663698381;34.612402399599986;31.545083352884433;34.74656;34.593799999999995;32.433674291152016;
41.4;38.063740159999995;37.81540538821;36.315937189477;38.30132706807999;38.04684999999998;39.33439600000001;38.47327200000001;37.291579402079996;39.594807044;37.89493600000001;38.63246380800001;38.633542400000024;37.70471920000001;35.738422184890005;38.23838304;36.55240564041101;34.87060098999999;37.50172;38.31817000000002;35.77413840000003;38.14624500000001;35.6151741;37.47124805120003;38.787111880000005;38.2176234986496;36.557388200000005;36.4821800018793;39.19484000000001;38.174;35.862335886336;
24.5;30.98960840000001;32.440124829;30.317185111999997;32.234143090479996;32.45013999999999;36.411196000000004;31.581696000000004;33.388929224399995;32.15151830799999;30.867290190000006;34.72556596200002;32.895184980000025;32.411691843;29.654481840000003;32.648424840000004;30.773741986;28.78720098999999;29.672560599999994;30.686870000000017;29.1539104;34.895557;29.272849999999984;31.03528741735802;35.12144093;31.58171697344156;32.56008680098999;29.163338175039996;34.75824;33.75436000000001;30.423953942620017;
48.6;50.01018671999998;48.770414803239994;52.07218903244801;48.768651697359985;48.13306;45.58399600000001;48.657684;49.304313667328;48.429748896;50.50135891000001;47.408237119999995;49.40314578;50.273204427;54.114987087359985;48.06678516;51.37734976486398;58.813700989999994;51.211396999999984;51.04686999999999;55.530347999999975;45.607895;55.19323159999998;49.21829538006602;45.75435791999999;49.812694514434924;52.546044826149995;52.82235955058662;46.59442000000001;48.950600000000016;54.951745507099986;
29.6;31.995322079999994;33.44652142402999;34.20867976499098;33.069470004370004;33.310930000000006;34.596796;32.613580000000006;34.255215929724;32.12190071999999;31.952747390000003;33.528659899999994;32.19543923000001;32.294906683;33.90837543387;33.45297789000001;34.57961318531299;34.140400989999996;33.135701;33.28257000000001;34.7365916;32.99578;33.88194889999999;31.082981719196972;34.17558125;32.70347412664995;34.71708606909999;33.34344287827425;33.72816000000002;32.2122;35.288800956036;
28.7;34.41006872000003;34.972323911969994;33.99032379194901;34.50634837431999;34.98588999999998;34.596796;34.77178000000001;35.128239587808004;34.139912519999996;34.331328159999984;34.21450560000001;33.457972960000006;33.954861152;33.61839208193;35.10859824;34.17723810110701;33.265200990000004;34.321314799999996;34.32617;32.045570399999974;33.545989;34.039714899999986;33.450756484928;34.75968125;34.744213575548315;33.59352742352;33.99503998634539;33.938460000000006;33.289840000000005;34.66981212006402;
35.9;28.80745644000001;28.61513777171;29.841366928927002;28.961190392869998;28.536969999999986;26.962396;29.281555999999995;28.114343744378004;29.925482583999994;28.302277390000008;27.73189770799999;28.203856830000007;28.858412682999994;29.912460221390006;28.538835890000016;29.84428278176101;30.627800989999997;33.28544249999999;31.466669999999976;33.216056399999985;27.527414999999994;29.129724100000008;25.65068104564702;27.833107969999986;29.849546766009496;29.557923974250002;29.460439620540512;27.999559999999995;25.66719999999999;29.83707375858802;
28.6;28.519637799999998;26.85641793775;28.190351462874997;27.63006199007;27.08340999999999;25.147996000000006;27.838720000000013;25.022532179599995;27.53836316;27.22073616;24.460319385000005;27.200890040000004;27.592763752;28.532378463750007;27.260545490000005;27.568302441125006;28.37970099;26.6760164;24.89957000000001;28.427373999999986;25.529682000000008;28.98013249999999;29.94263931372799;25.072018129999996;28.08468832655396;26.592518999359996;29.18431977531187;25.581860000000002;25.51116;27.831717639700003;
34.2;31.97855904000002;32.182279944280005;32.98261607541599;32.70294406409;32.09290000000001;28.071196;32.569997999999984;31.247046603031997;32.874749028;30.887896440000006;30.031176702999986;30.933710339999998;31.703052468;33.155048451119995;32.03529461000001;33.018210806088;34.28590098999999;35.75458509999999;34.60796999999999;38.1224076;29.498431000000007;32.394016399999984;27.196286260916008;30.302585969999996;33.869637341475084;32.27793854452;32.74901913825599;30.741780000000013;28.32644;33.567599598008;
42.2;37.99824336000002;38.15122121812;45.253588590104;38.246687581089994;38.04586;36.511995999999996;38.659036;38.886047510720005;38.420638944000004;37.918935999999995;36.899439872;37.70777000000001;37.36195920000001;45.23375177528;38.18585661;44.66313181527199;47.289400990000004;42.1135205;41.07547;43.065782799999994;36.927994999999996;47.03204439999999;40.49651646240002;36.960416519999995;38.18146093807488;40.49415204;46.25475832212415;37.16248;37.51000000000001;46.95193201100801;
30.7;30.118897199999992;31.498701209000004;32.120134879;31.573271973519997;31.59795999999999;32.782396000000006;31.661740000000012;32.66262735720001;31.941180820000003;29.93727456000001;31.675045850000004;31.395114640000013;31.016141232000003;31.548372030000003;31.917816839999993;31.918888167000002;31.43020099;31.212532199999995;30.771070000000016;29.133999999999986;32.784421;32.898469999999996;33.584698072608006;32.35165493;30.843432587322724;31.279345474879996;31.85678806599001;32.56146;31.70624;32.75208249824;
27.5;26.66047303999997;27.97808354532;27.200906573943996;27.93591905921;27.874899999999993;28.625596;27.82633;29.774924712;28.527730799999997;27.755000000000003;30.273789928;28.378280400000012;27.975219999999997;26.52830992408;27.772229810000006;27.64176976839201;26.455900989999996;31.078195000000008;30.200969999999987;31.992838799999987;30.47277;24.914300399999977;23.6844712836;29.62099088;26.99448894756;30.668335;25.69500849973567;29.373320000000007;28.939000000000004;26.092409907344006;
34.1;27.396300560000014;26.802137612280003;28.425039542015995;26.92906947791;26.90163999999999;26.508796000000004;27.484670000000005;26.57984315856;27.741383919999993;27.175491000000008;26.60398105;26.834303300000023;27.1583127;28.480015813119994;26.906602610000007;28.077271789887995;28.097500989999986;28.54188079999999;27.462869999999988;26.948362000000003;27.544931999999992;28.348166399999993;28.610908943099986;26.787773;27.429680565697907;26.067455576;28.885649871557185;26.406920000000003;26.240359999999992;27.886115820360004;
31.4;31.57085248;32.63719693715999;31.034537787392;33.16500705975999;32.92498000000001;33.790395999999994;33.021836;33.195707663632014;33.53155013200001;31.489438910000008;32.977989394000005;33.22477802;32.36005042699999;30.341766781440004;33.30761076;30.872909896256004;29.65370099;30.017355200000004;30.177070000000004;28.696619199999986;33.766118;31.542059600000005;34.270994839646036;33.461861729999995;32.503370156520944;31.379094004640002;30.954080586436866;34.18372000000001;32.84596;31.219478699408;
27.0;27.35276816000001;27.86652652467;27.463962312638998;27.69616321423999;27.935109999999998;28.020796000000004;27.78759799999999;28.733301714228;27.675318099999995;27.887115640000008;29.323492720000004;27.952669560000004;28.119473707999997;27.023277385230006;27.837394760000006;27.438340603777004;26.40360098999999;27.540178799999993;27.12317000000002;26.680262400000004;30.112038000000002;26.290370899999996;27.542814107416028;28.976072000000002;27.851301717474257;27.29604662135999;27.47847163548291;28.28708;28.909959999999995;26.442335954792014;
23.4;25.42560119999999;25.064948209;25.310155648;25.56961866176;25.223019999999977;26.25679600000001;25.712640000000007;25.5394107794;26.4115125;25.826826560000004;25.989560799999992;26.34207688000001;25.934330632;25.203771359999998;25.35211376000001;25.021433963999993;24.544600989999992;25.549089599999995;24.244870000000002;25.94211679999998;27.265504000000007;24.92594;27.497355099135994;25.89838125;25.126801827359145;25.90768365151999;25.288778588040007;26.08962;26.498839999999998;24.202564559359985;
41.8;37.77632416000003;37.714395152039984;36.002145548008;38.52857122792;38.051199999999994;40.140795999999995;38.190632000000015;36.717946461791996;39.77016624;37.761896760000006;39.853271199999995;39.83912036;38.852606572;35.26026019656;38.341436040000005;35.86992270594399;34.66220099;34.108075799999995;35.12107;32.78420399999999;39.901529000000004;35.7709796;38.85722095808802;39.272973;38.79688802820665;36.04393178291999;36.80888687664446;40.28056;39.53664000000001;35.652361653119996;
39.2;30.92188320000001;32.20121754525;34.579731078125;32.50290060736;32.315769999999986;35.403196;32.372912;33.115364348;33.530883335999995;30.655865760000005;33.874719236000004;32.87787528000001;32.114955871999996;33.93317390625;32.616785160000006;34.396772121875;33.82020099;32.386262;32.406770000000016;30.934915200000006;35.17386;34.9408925;35.09655060137602;34.35737773;31.531354436224447;32.9218704544;34.264596975971884;34.81982000000001;33.38360000000001;34.957632965200006;
36.6;35.44842760000002;36.12582417775;38.98116652487499;36.481794501909995;36.11436999999999;37.923196000000004;36.340964;36.8653652466;37.238576052;35.30082284000001;37.225602183999996;37.10462726;36.01793354800001;38.58364180375;36.322478610000005;38.970354427124995;39.37250098999999;37.9904191;37.87197;39.20681880000001;37.233318999999995;39.0272325;36.35179291292401;37.231424479999994;35.93128294101305;38.39477912347999;38.76577860031189;37.840320000000006;36.99264;39.780925968839995;
27.7;27.06990989999997;26.55959088116;29.693686824192;26.40738560374999;26.489559999999976;26.357596;26.67376999999998;26.772147980232003;26.45203318;26.798996640000006;26.02803409399999;26.139977000000005;25.920614408;30.021044957440004;26.403775250000006;29.64042083865601;29.929000990000006;30.2012075;29.00767000000002;31.822676400000034;26.479305000000007;29.285589599999998;25.494677575919994;26.460396529999997;26.119304486692073;28.009518935199992;29.250021288697667;25.813699999999997;24.4398;29.53439522156802;
24.8;24.58123260000002;24.49426917121;24.320548825577;24.774847069999993;24.745209999999993;26.710396000000003;25.032809999999998;25.5820344718;25.707993379999994;25.5369;26.642432955999993;26.02545759999999;25.476419999999994;24.087746661890005;24.844184000000006;23.826277862711013;22.74330099;22.579599999999992;22.12267000000001;20.863640799999985;28.684389999999997;24.193794100000016;29.984226724999996;26.344894919999987;24.32369247088002;23.46642;24.737390181966916;26.095800000000004;28.118999999999996;22.908472357015995;
36.9;29.72612264;30.55977269393;31.150125698320984;31.054317998690003;30.62874999999998;28.827196;31.558567999999994;30.97104334630401;33.29028622799999;29.91450656;31.07291340000002;30.521816480000012;30.705921631999995;30.77862450196999;30.588806209999998;31.035622819503008;31.023600989999984;34.92285959999999;34.28197000000001;32.99329;31.739596;30.260206899999993;29.118514705004003;30.723352319999993;31.12353297153024;30.90075020767999;31.399205956641623;31.064280000000004;31.174840000000014;30.831208243180015;
31.7;32.140514319999994;33.173317951189986;34.234574001362994;32.89675802490999;33.17340999999999;33.89119600000001;33.08652399999999;34.152242425063996;32.96656581199999;31.97008844;33.03462520000001;32.47936534;32.357309867999994;33.79358115391;33.36944061;34.215442273708994;33.78250098999999;33.67425119999999;33.37176999999999;31.94333000000003;33.382128;34.6643061;33.55794706148401;33.66037167999999;32.482243601118086;33.212343069759996;34.08025418620266;33.25712;32.81736;35.03412764761998;
23.0;24.337039120000014;25.067335972760002;22.831553440512003;25.73985080279;25.30083999999998;27.516796;25.59251;26.512304407327992;27.04125528;25.831842039999998;28.333513449999998;27.181802740000016;26.628369788;22.16993353984;25.46824181000001;22.623117404416003;21.189900989999995;23.121960399999995;22.37727000000001;21.813160400000015;29.768743999999998;21.72951360000002;27.99232052991602;27.465925;25.594580285135123;24.848541080480004;22.641702323550795;27.943480000000005;28.627239999999997;21.037446065007998;
20.3;26.128175640000023;26.205803734120003;23.413222666304;26.139256694960007;26.3563;27.163995999999997;25.72567600000001;26.945905527431993;24.962069428000007;26.62181484000001;27.44945570200001;26.46917196;25.999350948000007;22.95560500927999;26.30543156000001;23.779190561872007;21.269700989999997;23.020934800000006;23.084270000000014;24.446736799999996;27.495052;21.452334400000005;23.41616515746397;27.435666929999996;26.438346476514994;24.64512803704001;22.61861058327174;26.73402;24.709960000000006;21.53016583658399;
30.9;30.630604000000005;30.51774785873;29.590173011480992;30.32413571;30.729369999999992;27.970395999999994;29.405269999999998;30.098609246800002;26.741516519999998;29.852900000000005;29.510289646000004;29.587251200000004;29.825244999999995;29.39692064317;30.565400000000004;29.461705457383;28.387800989999985;23.948419999999995;24.44297;28.8753528;30.175435999999998;28.937742900000003;29.621912412000007;29.84724516999999;30.303402690335986;28.466853200000003;30.631409240529134;28.873900000000006;30.13324000000001;28.848227424664003;
37.5;37.04408224000002;37.33763825511;40.75311403610701;36.947518501119994;37.216269999999966;40.140795999999995;36.83513999999998;39.147514464908;37.08095657999999;36.88146291;38.55016024;38.68932574000001;36.550133227;40.70267053399;37.21152564;40.840083096501;40.81380099000001;38.694380999999986;40.19117000000002;40.4044768;39.316354999999994;40.717700100000016;39.579838288018024;39.065073;35.39121268072034;39.58007338614999;40.50032581474458;38.363859999999995;40.3706;40.807509184832;
41.7;36.412879200000006;36.85718777899999;34.020219688999994;37.50415337827;37.065459999999995;38.225596;36.98518000000001;36.6005860556;37.82766666;36.49834604000001;38.374247462;38.52692342;37.809898588;33.248343729999995;37.36658109;34.150128577000004;33.21620099;33.64950679999999;33.992470000000004;34.125965199999996;37.558354;33.44913;34.911760604172;37.743433969999984;37.786329242433226;36.69115992848;34.08579885719001;38.65446;37.79784;34.2856949375;
38.9;34.719230640000006;35.13670866747999;37.196831393855994;35.940843973389995;35.41119999999998;36.209596000000005;36.21248799999999;35.653273774480006;37.441759548;34.504011000000006;35.78301353000002;36.641213100000016;35.2415767;36.527178721919995;35.757433410000004;36.822101607007994;36.691100989999995;36.31214709999999;35.87087;35.180458000000016;36.549761000000004;37.911430399999986;37.71665292190002;35.86845116999999;35.29445086185953;35.766656002999994;37.73678647752327;37.03438;36.216640000000005;37.573336929079986;
38.1;42.287064;41.616527259239994;42.462315099647995;42.086567589999994;41.747139999999995;40.54399599999999;41.93351999999998;41.366837931584;41.955739279999996;42.502544189999995;41.03155251199999;42.59191690000001;41.603725643;42.36979419135999;41.874525;42.26576417446399;42.86260099;40.037794999999996;41.06566999999999;42.235480800000005;40.261191;43.02545159999998;42.22069873935003;40.74079491999999;42.15745872828576;41.65262274387;43.783692140231416;41.207300000000004;41.902440000000006;42.684689845232;
47.3;38.108940639999986;38.05202864411999;33.925310666304;37.57087401270999;38.14479999999999;38.326396;37.317876;38.321558696128;36.428975711999996;38.25588411;38.15459771200001;38.167396370000006;37.666378867;33.41950500928;38.18211381;34.393821991872;32.335200990000004;33.7975086;35.416670000000025;33.54687559999999;36.957374;32.971544399999985;35.528873604631;38.27357808;37.63906290759596;36.27762069862;34.06980966787175;37.17802;38.51164000000001;33.740083621526026;
31.1;32.729394479999996;33.87000301943;35.737706213170995;33.491252550069994;33.81132999999999;33.689596;33.36052000000001;34.253716678691994;32.564273379999996;32.70107531000001;32.988549308;32.039043389999996;32.442613507000004;35.44172111647;33.960545489999994;35.79139450305299;35.69030098999998;33.459268099999996;33.40997;33.76828279999998;32.764093;36.18507689999999;33.382563172823005;33.72853892;33.395666098503;33.88956296328999;35.592859685438825;33.20466;31.873560000000005;36.80234528104798;
24.5;25.065139200000004;24.431608988999997;25.170275648;24.177738134960006;24.444819999999986;25.853595999999996;24.28018;24.912807819400008;23.773392500000007;25.297107359999995;25.129017507;24.925401280000013;25.052714392000002;25.292571359999997;24.44543156000001;24.928419164000005;24.637100989999993;23.704336799999997;22.355069999999998;24.345755199999985;26.285822000000003;24.90614;26.66964639305599;25.190205730000002;24.078288036121847;24.839639594559998;25.02620097204;24.401620000000005;25.087160000000008;24.247042335200007;
26.8;27.70380279999999;26.392995867079996;27.966018841175995;27.85655539999999;26.770719999999972;25.399996;28.337519999999994;24.85058347420799;29.514241040000005;26.96699664;24.997912048000003;28.017148000000002;27.992499407999993;28.087347974319997;27.105116000000006;27.028837025768006;28.152300989999993;27.469883999999997;25.516170000000013;27.3728672;26.82133400000001;29.1503724;32.78645406256003;25.241224479999993;28.215536493671166;26.407841642879987;29.2267840802835;26.854;27.502040000000004;27.463794928415993;
19.4;24.793251679999997;25.19264780659;19.89827417334299;25.321962593840002;25.439469999999996;27.516796;25.78321000000001;26.698029903367996;26.769386979999997;26.097038240000007;28.135946149999995;26.65850144000001;26.227532928000006;19.08594560250999;25.481879360000008;20.19476047484899;16.97310098999999;23.90058319999999;23.706669999999995;20.416796800000014;28.832147000000006;17.708090100000007;24.27240043213602;27.564924999999995;24.944402129000167;23.867808945440004;19.115875599007374;27.134680000000007;27.039960000000004;17.334256648476014;
47.0;46.25772552000002;44.98869022279;43.971208536283;45.06356790840999;44.73960999999999;44.97919599999999;45.239320000000006;44.460136460516;46.02210458;46.33064779;45.34398759199999;46.203164210000004;46.217470563000006;44.49464473831;44.71843461;44.09209325926899;46.10730099;46.51412029999999;47.14996999999998;46.46366839999999;43.745417;44.0959521;44.27399391276902;44.34315588000001;45.87617901410981;45.600249172290006;44.138814099647945;44.75482000000001;45.92835999999999;44.38680776044599;
44.1;43.7269256;43.15553809025;44.61665100362501;43.59918712312;42.93841000000001;44.676795999999996;43.38022;43.370864492500004;44.901413;43.801568750000015;44.834136;46.066589;44.708541875;44.99580594124999;43.02167664;44.47923606837499;47.07040099;44.90387679999999;45.391970000000015;47.39074160000001;44.182004;45.049322499999974;43.198608368500004;43.53703125;43.526286590274566;46.6194146375;44.90132034026188;44.702560000000005;46.389239999999994;45.54828973839999;
45.4;37.41185296000003;37.63352029348;41.40622643705599;37.79055681736;37.36653999999999;43.366395999999995;38.04358800000001;38.574677195008;40.963124975999996;36.831574509999996;41.297494168;40.472853820000026;38.468495747;41.36752614591999;37.446785160000005;41.586707304608;42.46550098999999;43.94115119999999;44.13347;42.79433839999999;42.11504800000001;40.82372039999999;39.35963083582602;40.97588708;36.653696063103865;41.78797089244;40.05820409969766;41.63562;42.05516000000001;41.69543209140399;
47.0;54.1695644;52.90219842903;62.590985780491;52.118121186249994;51.47136999999999;43.366395999999995;52.54905999999999;57.58370462177601;49.98500186;54.822548639999994;44.628903912;48.853629800000014;49.603313808;68.59770876887;51.152735250000006;61.128870661813025;76.34520099000001;61.17380649999999;61.37117000000001;72.31125560000001;43.41426700000002;71.35637890000001;59.81018767272003;45.559587080000014;51.345082605291026;57.92663496784;59.43231053492026;45.5892;47.108560000000004;66.31973073969601;
38.4;31.440673439999998;32.817310347079996;33.023642841176;32.79870510184;32.87379999999998;33.68959600000001;32.380324;33.123441738143995;32.125601344;31.427630840000003;32.782041776;31.80053804;31.952931148000005;32.529947974319995;33.12757236;33.066995865768;32.39620099;30.61101799999999;30.78407;30.80674159999998;32.90269;33.29039239999999;32.70040019117602;33.401838919999996;32.511974088542274;32.415851999599994;32.69047439628352;33.40128000000001;31.575200000000002;33.744577154816;
23.9;24.58758592000001;24.82714829108;21.679789790975995;24.660482171330003;25.00095999999998;27.214395999999994;24.92233000000001;26.178649445248;25.147286239999996;25.744321790000004;27.415092303999998;25.667165730000008;25.345408362999994;21.115093560320002;24.976848290000007;21.893608087168;19.183600989999988;22.925030600000003;22.94237;20.145069199999995;28.035061999999996;19.872252399999986;24.534675570573008;27.071199519999993;24.962576544158537;22.77384784374;20.955205248399093;26.256940000000007;25.314559999999997;19.518382104176;
15.5;23.241674599999982;23.355948858999998;22.640273255999993;22.775487853009995;23.285319999999995;26.458395999999993;22.820229999999995;25.060312785;22.52565978;24.42721475;25.855297198999992;23.98601845000001;23.791323074999994;22.453359919999997;23.211835010000005;22.885449088000005;21.340900989999987;23.198386699999986;22.273970000000016;22.85225719999997;26.405723000000002;21.08539;22.68374334872498;25.58646036999999;22.643332680193538;23.978563670249997;21.334900080640004;24.454720000000005;23.284959999999995;21.063170669000016;
30.2;34.78919296000001;35.35272046662999;32.937496162410994;34.78033138936;35.39599;37.923196000000004;34.459216000000005;35.726965638391995;34.166486068;34.73627436;36.49612249600001;35.041270080000004;34.57604929199999;32.414974143269994;35.435348160000004;33.488554788372994;31.017100989999992;32.20315039999999;34.02337;31.26788719999999;36.118905999999996;31.760990900000014;34.13418709273597;37.112624479999994;34.54881642908097;33.79654536327999;32.341774498498495;35.959320000000005;35.88824;32.572352819391995;
30.8;29.901867199999998;31.27673243775;30.054186269874993;32.07509668096;31.575069999999982;31.27039599999999;32.37954;30.739637607500008;32.594816740000006;29.77055475000001;30.420688511999998;30.186726699999998;30.602196075000002;29.443711453749998;32.045335560000005;29.897034782124997;29.210300989999993;31.458268000000004;30.183770000000003;28.427241600000002;30.869440000000004;30.882322499999994;32.26678180885;31.20473348;31.46533805526144;30.124559684999994;29.63940601841188;32.69682000000001;28.683;30.639486407299998;
46.2;43.69444383999999;43.24022507107999;44.82522293997599;43.00026985143999;42.85119999999999;42.96319600000001;42.810376;44.34287985340799;42.461976287999995;43.87006316;42.863915344000006;43.987303480000016;42.99770065200001;45.572649490319996;42.78405396;44.981975674168;47.515800989999995;45.22968719999998;46.18367000000001;49.19072080000001;41.639232;45.267232399999976;43.02455035714401;42.56990548;42.54027256522606;46.26579529135999;44.2189924122771;42.47648000000001;44.17695999999999;45.696211149727986;
38.0;32.998792099999974;34.52634570025;35.84697100362501;35.072400615170004;34.451709999999984;30.087196000000006;34.66906000000001;34.32367386840001;35.393833359999995;32.64765456000001;33.989783171;33.61035524000001;34.870522232;35.859705941250006;34.36206029;35.382384518375;37.706600990000005;36.106433399999986;35.381069999999994;37.71472520000003;34.81965199999999;36.0449525;33.381197422028;33.35479957000001;35.62735617343134;35.270575176959994;37.00164503406187;34.11526;35.981559999999995;37.046329720700015;
39.6;49.71814991999997;47.84068019484;45.453101402368;47.47424769331;47.98755999999998;41.148796000000004;46.96490400000001;45.881755758848;43.09747344;50.77314851;43.00671068;44.70776373000001;46.724963547;46.12342162176;47.83475421000001;45.329642415424;46.10580098999999;38.88043359999999;41.96107000000003;42.910221199999995;40.149623999999996;46.739867600000004;48.687972054691;43.25099200000001;49.89719304013289;41.12882604152;48.068526060559115;42.02282;42.68124000000001;44.965194358897975;
31.9;28.15351799999999;27.797395530250004;24.580388015624994;27.412844477359993;27.839769999999998;27.01279600000001;27.426470000000005;27.828417918750006;26.241462900000002;27.828424750000014;27.669132700000006;27.448030200000012;28.024595075;24.302690781249996;27.72964016000001;24.894158984375;23.344700989999986;26.258763199999994;25.33346999999998;27.423175999999984;27.571858000000002;22.9406625;23.975830788099998;27.756192;27.36322836682936;27.752711166499992;24.185965642421884;26.720220000000005;26.69096;23.262746654500006;
23.6;26.58959440000001;25.76161458283;26.409261442950992;26.799343789999995;26.127069999999982;26.05519600000001;27.356989999999996;25.498241860602004;28.649318599999997;26.547203789999998;25.709885193000005;27.285773000000006;26.532288762999997;26.363158711069996;26.34484400000001;25.835096979592997;25.342400989999994;26.910613999999995;25.967270000000003;26.14124960000001;27.426662999999994;26.672944899999994;30.23465747087999;25.911496369999995;26.23983731854679;25.52952202700999;27.165958364528176;26.690600000000003;27.320959999999996;25.339097679588008;
22.3;22.889702400000004;22.66108507775;24.754511462874998;22.55454779519;22.633329999999997;25.903996000000006;23.27619999999999;24.112061420499995;24.323911779999992;24.028011000000006;24.843973501999997;23.8108203;23.572936699999996;24.81087846375;22.679120210000004;24.526058841124996;24.222300989999994;26.2540796;24.74117000000001;23.50086680000001;26.228015999999997;24.33955249999999;25.978055984900017;24.64057267999999;22.175350476659673;23.944555707999996;24.05229631851188;24.14228;23.80244;23.706788884899993;
15.9;20.062688699999995;18.07681440839;23.798847231002995;17.79342921875;17.897889999999997;22.72879600000001;19.037139999999997;18.501069495508002;19.42336568;20.634533240000003;18.203396569999995;18.931024100000005;18.758959428;25.02380360870999;18.01287725000001;23.405273286229004;24.468300989999992;25.230276999999994;22.81807000000001;23.118606799999952;19.708968;24.754738099999983;23.62570844434002;18.833239249999995;16.867741197770698;20.893326313359992;22.770442463458814;18.476300000000002;15.463559999999998;23.330220237476;
31.0;26.54907657999999;26.087452538109996;27.663525388206995;25.981138916509995;26.10312999999999;26.357596;25.96692800000001;26.27402720099001;25.440620256000006;26.494594749999994;26.284346502000005;26.288764850000003;26.518539075;27.740057130990003;26.08765901000001;27.360943426800997;27.522000990000002;25.834114800000005;24.48047000000001;27.203701199999983;27.359922000000005;27.502240099999973;27.833073345674997;26.35149653;25.946522613655162;26.790867020999997;27.852706965276184;25.74752;26.66056;27.122366421764013;
46.4;45.163392;44.56916077774999;49.46113004687501;44.076556749610006;43.88376999999999;43.668796000000015;44.270867999999986;46.310645702500004;44.13120431999999;45.20467778999999;43.79290637;44.96022169;44.39937156300001;51.09536734375;43.751635410000006;49.19660845312499;54.75890099;50.1312345;50.174770000000024;53.62338279999997;42.907705;51.49310249999998;45.90049149252904;43.31101325000001;43.6131729890368;49.27025544935;48.66865765287188;43.191120000000005;45.59980000000001;51.561060420299995;
35.3;28.8997904;29.612914549;31.419847996999984;29.787862045189993;29.726979999999973;28.57519599999999;29.720706000000018;30.096495861400005;29.899742275999998;29.176965560000006;30.413240078;29.38968382000001;29.422588931999993;31.172631289999998;29.63912021;31.087734771000004;31.011400989999988;29.557854199999998;29.579070000000026;29.281951600000042;31.548332000000002;31.036089999999994;30.77336767740404;30.176718369999996;30.412083930109276;28.137507325360005;32.174574081989995;29.94238;30.79236;31.102870519199996;
34.8;35.27331392000001;35.91729351636;34.99391602623201;36.155752037439996;36.018639999999984;36.108796;35.858536;35.79919898472;35.80257152;35.31921475;35.98763490000002;35.71938380000001;35.614358075;34.45433728024;36.251364960000004;35.128776334376006;34.50980099000001;34.14890959999998;34.264470000000024;34.533795999999995;35.190736;34.841457600000005;34.21702009390003;36.048737;36.34678217223568;35.564529912999994;34.97315875757471;36.30798;34.94643999999999;35.61075622083999;
27.3;22.619092719999998;21.451842175289997;27.884653609032995;22.225290399709998;21.37231;23.988796000000008;22.425331999999994;21.500322631516;23.383070739999997;22.884831160000005;21.23567059999999;22.892048020000004;22.107190252;28.625513455809998;21.607031810000006;27.469585222518983;29.31560098999999;28.235023399999992;25.328769999999995;31.051214000000016;22.346626;28.474262099999994;24.922355317735995;21.608088;21.41447928161392;26.012733209679993;26.994717737973932;22.69632;19.160040000000006;27.85283317759999;
41.1;40.50363088000002;40.186465693159995;43.198470022592005;39.70860493681;39.91467999999999;41.14879599999999;40.01801999999998;40.51453609184001;40.082380480000005;40.33502275;40.24506543999999;39.61954015000001;39.368395674999995;43.59120164544;39.84166821;43.338249249856005;44.56800099;43.2815219;44.01446999999999;43.03273960000001;39.679221000000005;43.4485796;41.33620170802502;40.558192;39.862503734704916;40.81358176325;42.78946496104806;39.864020000000004;40.26324000000002;43.650825188804006;
30.5;28.353658079999988;30.196012305010008;33.687165192837;30.32199465016;30.23052999999999;29.55679599999999;30.710900000000002;30.186927041660002;30.05355428;28.208302749999998;28.269362;27.488332600000003;28.443261675000002;33.323233540089994;30.576075360000008;33.44286415689101;33.84180099;32.8263968;31.254770000000008;31.030412000000013;29.142871999999997;35.0691561;32.08823414490003;29.55673125;29.499068058810238;30.6680922415;33.34915460896187;30.215920000000008;26.694759999999995;34.96941086247999;
27.4;25.993582799999984;27.34680870703;27.24990748809099;26.907232336249994;27.339369999999978;28.827196;26.79384;29.460181090626005;26.624334420000004;27.400327310000005;30.365913399999997;27.59233245;27.088497907;26.563262500869993;27.15755525000001;27.487534208612995;25.771100989999987;27.54846300000002;27.65017000000002;27.23032999999998;31.194993999999994;25.312428899999983;25.899595748104986;29.72345231999999;26.438578289550293;27.654965250420005;26.36155219876345;28.8255;29.297440000000005;25.918346977799985;
28.3;25.7226378;23.74471873775;25.709041523874994;24.392025206209997;23.867769999999982;24.089596;25.49024;22.3679304307;25.94436914;24.973656440000003;21.998353159999994;24.493362940000008;24.813729467999995;26.32087223374999;24.087047810000005;25.177679204124995;26.093000989999997;28.356390099999995;25.95937;26.23524599999999;23.071058999999988;26.5157125;27.43305167592399;22.61586068;24.644240997585456;24.14630150267999;25.841708591611873;23.16572;21.347239999999996;25.180503478480006;
32.4;29.91938060000001;31.13154719908;29.02880152057599;31.997620681249995;31.471719999999983;29.482395999999994;31.455769999999994;31.372015978888;32.16361418;30.387201439999995;32.42562277999998;31.785351800000008;31.675510967999998;28.212917832319985;31.50849725;28.78342161996801;27.517600989999988;27.5929895;28.020369999999996;28.304273999999992;33.561527000000005;27.9595624;31.45949050056001;31.73935596999999;32.324226174408466;29.22151223344001;30.31589487777031;32.4571;33.739959999999975;27.905684948319987;
31.3;29.429529599999995;31.136903557749992;34.729549523874994;31.083328874559992;31.116670000000003;31.673596000000003;31.14372400000001;31.4789556125;30.849737123999997;29.26169475;30.28515935600001;28.993651300000007;29.593534074999994;34.369872233749994;31.38275796;34.628469084124994;34.74430098999999;32.7674266;31.963970000000014;32.07670159999998;30.940679000000006;35.58642249999999;32.420916375850034;31.39558211999999;30.335946410011815;31.969427630749998;34.30332053541187;31.580620000000003;28.830040000000004;35.881387443999984;
43.1;35.66265055999999;36.409525563239995;42.372731791448;36.665502496719995;36.32139999999998;36.108796;36.668192;36.484379538864005;36.69387695999999;35.58960779;35.855620860000016;35.446319819999985;35.480942563;42.20825071735999;36.51121043999999;42.08258056186399;43.85640098999999;39.33272879999998;38.51806999999999;40.9049904;35.661124;43.40754159999999;37.515617465961995;36.108137;36.67100137428386;38.35692855607999;42.571672145592615;36.645059999999994;34.81244;43.88083095875599;
20.1;21.259292439999996;22.91574575012;18.372538482503998;22.488915287359994;22.97739999999999;28.272796;22.432088000000004;26.474615477759993;23.14087434;24.18738475;28.97444908;24.911301799999997;24.037232075;17.17423004328;22.92964016000001;18.936422868472004;15.086000989999995;20.948394399999994;20.991870000000006;17.9121504;29.831486;15.2215544;21.947946286099974;27.677613249999993;21.821748466740985;22.926526672999998;16.30281322379935;26.788720000000005;26.619440000000008;15.330411955872023;
28.8;25.46384144000001;27.35888600519;30.821706845163;26.837330152879993;27.112629999999992;29.129595999999992;26.84463000000001;29.968686646053992;27.47528138;27.213883709999998;30.861041441999987;27.463843360000013;27.051724987000004;30.46484231990999;26.90384864000001;30.859147277109;31.063600989999994;31.62818320000001;31.03647000000002;30.978907200000037;31.97104900000001;29.55043609999997;26.921888116291996;29.967808679999997;26.353531371288284;29.74641143356999;29.557447592073846;29.26194;30.057839999999995;30.61547214952401;
38.4;32.017671840000006;33.233527629159994;35.269948745792;33.431619233919996;33.22042;34.697596000000004;33.50589999999999;33.53651150918401;34.05720752;31.78702979000001;33.71624746400002;32.52037012;32.719955963;34.796886669440006;33.48065903999999;35.358123987456004;35.326600989999996;35.58020399999999;34.68467000000002;34.48689840000003;33.64778;35.3402596;32.65952159625202;34.165288319999995;33.014649259186655;34.612381083399995;34.65885035322728;34.62286;32.239799999999995;36.279699009815985;
27.6;28.946748200000002;27.871237919000002;26.959479689;28.553708865169988;28.17885999999998;26.256795999999994;28.854550000000003;26.665435363000004;28.891708500000004;28.081899000000007;26.513109224999994;28.287082700000013;28.5775453;26.933043729999998;28.302060290000004;26.522964427000012;26.12090098999999;26.686023099999993;25.690970000000018;26.816695600000003;27.507703;27.031889999999994;29.792543553700003;26.86858125;28.821708634413795;26.621848580999995;28.035955957990016;27.09186;27.674760000000003;26.080604451800014;
40.9;34.61669856;35.91729094452;32.236965341183996;36.42936361199;35.96716000000002;30.38959600000001;36.12558200000002;35.075155254472;36.359190164000005;33.855519040000004;34.57016223000001;34.35442104000001;36.062081688;31.717013210879998;35.83526501000001;32.403495617712004;32.36150098999999;35.435881899999984;35.611570000000036;35.59727800000002;34.096289000000006;30.831706400000012;30.008672019776014;34.196026929999995;38.39101852952237;32.74553895647999;32.74309396889478;34.74898;34.00924000000001;32.11635428752001;
46.4;51.10314832000002;48.797766205479995;44.56217642445601;48.31379044572999;48.55606;49.716796000000016;48.448559999999986;47.987287783776;48.11273442;51.40998659;48.39702940000001;50.475308130000016;50.02640692300001;45.830433563919996;48.30198909;44.81371532280801;46.11680099000002;46.705910800000005;50.182870000000044;46.35280680000005;48.116086;44.765630400000006;53.10654581841302;48.22023125000001;48.2474379630541;46.63372346052;44.64619276466847;47.92943999999999;51.48124000000001;42.345812300248014;
24.2;25.570481200000017;23.427032101330003;24.798505141900986;23.917877431249998;23.558469999999975;23.78719600000001;24.146239999999995;21.98609079004401;23.53541906;24.62240236;21.413978868;24.182213100000006;24.274850892000003;25.50365416256999;23.768497250000006;24.21874801944299;25.030200989999997;23.110142999999994;20.980770000000003;25.43389159999998;22.768217999999997;25.801574899999995;27.771518630039996;22.12558831999999;23.89884587586073;23.81186031624;25.030036015452573;22.4336;22.064360000000004;24.186268324847987;
27.3;23.495816399999995;24.346336725289998;21.17347760903299;24.310896353750003;24.497589999999988;27.718396;24.54824;26.351779702046;25.52379226;25.351574510000003;28.318377692;25.76765324999999;25.393845746999997;20.37811345581;24.513775250000005;21.35082156251899;18.681300989999986;22.931915499999985;22.828469999999975;18.910507600000017;29.184759;19.18811209999999;25.002293537055003;27.499118119999988;24.616049595740833;22.73434506986999;20.249319820973945;26.9747;26.455439999999992;18.876089035462;
43.3;41.51645904000003;40.89403128068;39.69444066329601;41.205354808239996;41.00170000000001;41.85439600000001;41.04110400000002;40.310623260688004;41.659428308;41.59956075999999;41.842425860000006;42.37987628;41.590637372;39.38550006272;41.11029876;39.75987211092801;39.38130098999999;38.99160399999999;40.209070000000004;38.92998800000001;41.08351000000001;39.37565439999998;40.75276029234399;41.31352013;41.52115440787776;40.19248433919999;40.480937214010936;41.582580000000014;42.21240000000001;39.51654361027997;
37.9;36.234043119999995;38.886028474039996;36.620173937408;38.264259062810005;38.78896000000001;32.808796;37.66372999999999;40.23681396320801;35.167185780000004;36.04169104;37.625939845000005;36.00587796;36.463330088000006;37.10925475456;38.26431221000001;36.697041630144;37.58010099;37.2193711;40.04497000000001;41.19045079999998;39.03779899999999;36.4267896;34.93155109326399;37.65117925000001;35.13274216872935;37.97305405807998;35.94430719548804;37.18162;40.69483999999998;37.16271486281602;
37.7;38.48891584000003;38.07940390107999;35.528437790976;38.77182121459;38.411799999999985;37.923196000000004;39.07058399999999;37.620293789951994;39.967704671999996;38.417337759999995;38.377976344000004;39.478521320000006;38.682984272000006;34.83389356032;38.69871261;35.44440496716799;34.39330098999999;36.788357399999995;36.82427;34.41175080000002;37.758334;35.533042399999985;37.600288220464016;38.00362447999999;38.99703861824412;36.748999841919996;36.4390404989991;38.74068000000001;38.67383999999999;35.53902898516799;
24.0;26.762264560000006;26.77233976964;23.997431312127993;26.53547766391999;26.986899999999995;27.365595999999996;26.025687999999995;27.624192725383992;24.583066196000004;27.101883710000003;27.798871714;26.95801274;26.254549987;23.534681224959986;26.88252404000001;24.288463697104007;21.50370098999999;22.1323088;22.575469999999996;24.920074399999976;28.274713999999996;22.194795599999978;24.696762655598;27.907620129999998;25.92512800876051;25.43923027852;23.609694532978946;26.88436;26.538639999999997;22.086138191428006;
38.3;35.82571408;36.69813958596;42.14782664115201;36.14566785856;36.27478;36.814396;36.26729599999999;38.00839796673601;35.84722901200001;35.66083103999999;36.301179813999994;35.47867976;35.519103088;42.379204464640004;36.29326896;42.25408766993599;44.504400990000015;41.8906632;41.00307000000001;43.789927199999994;35.525408000000006;42.67598160000001;35.414172100864015;36.605966130000006;35.92258415092317;40.45515520096001;41.349756016444225;36.09082;35.631359999999994;44.23816702156799;
38.1;35.00100144000001;37.32271373706999;41.18407712691899;37.03552129976;36.90834999999999;31.54879600000001;36.98561;38.234224681087994;37.26814122;34.61501984000001;35.866194940000014;34.600255040000015;35.544054448;42.617417644829985;36.53036576;40.55522787381698;45.390100989999986;42.500419199999996;43.15767;44.19634959999999;37.43473300000001;43.09674289999997;36.380279100504;35.726492999999984;36.3919165080533;37.867281050559995;40.95027580267636;35.76372;38.784759999999984;44.18788147016801;
29.6;27.235334679999994;28.08538336172;26.417682401024003;28.301123635129994;28.15311999999998;28.272796;28.26941000000003;28.991660396680004;28.935280420000005;28.001898999999995;30.082943334999996;28.8282663;29.180345300000003;25.745648679680013;28.154391890000007;26.401507168832005;25.561300990000003;28.083511599999998;27.041269999999997;27.200354800000014;30.828302000000004;25.003062399999994;27.450175535300026;29.31111325;28.373986837564843;28.738037004000006;26.36453748597511;29.265940000000008;30.40756;25.281060800944005;
43.4;42.99501440000003;42.018184759;42.89932799699999;42.59290275967;42.124660000000006;41.753596;42.80564000000001;41.0052881888;43.91922776;43.00903696000002;42.62089412400002;43.49035804;43.348286512;42.77553128999999;42.28666629;42.50902027099999;43.84260099;42.00696339999999;42.05487000000001;40.670096400000006;41.84410199999999;43.66618999999999;42.83974047924802;41.58922611999999;43.52206697239734;41.67160145535999;44.59060605399;42.39776;42.88255999999999;43.496717632599996;
31.0;31.010950399999984;32.362213169;34.376655584;32.28494060970999;32.34171999999999;31.673595999999996;32.619339999999994;33.0454405776;32.05091416;30.872479039999998;30.91220236800001;30.674138240000005;30.935038688;34.05553888;32.59703181;34.357836172;34.54230098999999;34.801039599999996;33.607469999999985;33.95935480000003;30.996703999999998;35.13618000000001;31.862616989183998;31.80148212;31.782540739873994;33.23909972447999;34.080792924040004;31.933120000000002;30.067839999999997;35.68625073183999;
29.1;31.081455119999987;33.08164368861;31.207204892556994;33.546216810589996;33.274989999999995;30.843196000000006;33.344143999999986;34.047644101014;34.30633160400001;31.82837571;34.72247808;33.10032477;33.139687386999995;30.384668260490006;33.157588610000005;31.130002428851;30.098800989999994;32.51426880000001;33.28437;32.106866;35.964608000000005;29.8421401;31.697309615019016;33.81674992;32.767719547094;32.583880071840014;32.0920989493838;34.26898;36.79416;30.420434645499995;
12.5;17.83683375999999;18.413509458440004;14.637826898687992;17.826826625569996;18.37839999999999;26.004796;18.357445999999992;22.215172256640003;19.660432800000002;20.925694750000012;24.301442559999998;20.92654565000001;20.25061407499999;14.37696380416;18.440299490000005;14.889815021183999;12.116400989999988;17.7509731;17.122569999999985;12.882819599999976;25.766633;12.88086359999998;21.55043781492501;23.432068;16.898673336573268;18.68183799024999;12.31251996061158;22.361259999999998;21.616960000000002;11.875051957231989;
40.7;37.13289640000001;37.03452492899999;33.877019688999994;37.92206860576;37.35892;41.65279600000001;37.764532;37.032573764400006;40.69366074;36.882043640000006;41.175753369999995;41.56473856000001;39.504705308000005;32.97054373;37.686209760000004;33.810967227000006;32.37210099;34.92849439999999;35.636070000000004;32.11535760000001;41.69330600000001;33.15705;37.96607024718402;39.96401925;37.59588724039273;37.18318823231999;34.326837705190016;41.26942;42.338240000000006;33.41609744864;
37.7;33.939709599999986;34.944841569;36.498585152;34.57451636224;34.70518;34.697596000000004;34.84422800000001;35.259945203200004;34.377001248;33.75245930999999;34.00061500000001;32.64103288000001;33.388998307;36.47534464;34.80199776;36.99810601600001;37.33950099;39.16729679999999;38.16067000000003;39.22206000000003;32.515178;36.18393000000001;31.004466510264002;34.68008831999999;34.56226391093199;36.83383999233999;35.45719073104;34.32598;32.066759999999995;38.098314600639995;
24.0;26.566876440000016;27.321151473879997;27.049910635735994;26.751201828890004;27.37689999999998;28.373595999999992;27.167301999999985;29.024733924120003;27.053083923999996;27.532299000000005;29.450620296999986;27.166114500000006;26.707395299999998;26.52446911352;27.161211410000007;27.317756303847993;25.230900989999974;28.463198799999983;28.82627;26.673489199999977;30.119097999999997;25.222368399999986;25.58141894890003;29.230499730000002;26.453638473024938;26.53537675599999;26.31850186147901;28.003980000000002;27.942760000000003;25.62181412841599;
20.9;22.553128000000015;22.234736919000003;22.201683802999995;22.65203686517;22.329459999999987;25.651995999999997;23.155938000000006;23.3704205704;24.562095683999992;23.745714110000005;24.47801426299999;24.03813059000001;23.680434866999995;22.18247471;22.512060290000008;21.954066349;21.341700990000003;24.0039183;22.514369999999996;21.231881200000004;25.790358999999995;21.75753999999999;26.008584310693013;24.189909329999995;22.47915712835595;22.67932807036999;21.448685932990003;24.387960000000003;23.149840000000008;20.741556614760015;
33.5;34.35692320000001;35.275423589;35.436819689;34.228110520719994;35.16015999999999;33.588795999999995;33.857704;35.493853658800006;31.779473059999997;34.55882156000001;33.45810217000002;32.55590956000001;33.449667132;35.27854373;35.17256243999999;35.57544382699999;35.285300989999996;31.453672799999982;32.21647000000003;32.7527968;32.56289399999999;35.90161;33.624014776968004;34.16340324999999;34.82833367177071;33.76214992272;35.655768066789996;32.628859999999996;32.613440000000004;36.55645030296;
45.1;39.55561528;39.76496669767;43.375384563739;39.20036902662999;39.46597000000001;39.132796;38.928439999999995;40.59770961939601;37.70020322;39.69411259000001;38.762578239999996;38.622134429999996;38.28017912300001;43.793557412229994;39.401899889999996;43.482844871077006;45.12200099;40.6645188;41.57577000000003;44.32506920000003;37.804036;43.92366089999998;39.84606918214301;39.16446799999999;39.123539377799815;41.27564938852001;43.1061620564697;38.33934000000001;38.681239999999995;44.44579917459198;
26.6;31.00842879999999;32.47342205356999;32.318893893468996;32.25642498999999;32.51172999999997;30.867196;32.008720000000004;32.20305613022;30.713576420000003;31.115974750000003;30.441945556000007;29.868212600000014;30.879190074999997;31.976242028329995;32.774844;32.236774530467;32.06450099;29.687468;29.358770000000014;29.676427200000035;30.315216;33.310072899999994;32.056600067299996;31.309079080000004;32.42349144897071;30.94855519299999;32.28049704680875;31.18370000000001;29.018440000000005;33.446105962872;
29.7;27.679061079999997;31.107777839470003;30.322665047199003;31.239030385130004;30.876369999999994;31.498396;31.041304000000004;33.86756679821;33.395615096;29.954534750000008;35.377254213;31.399058650000008;30.894227075000003;29.23446232443001;30.704391889999997;30.813549231857003;30.082800989999992;36.200357499999996;36.26546999999999;34.67073640000001;35.91331499999999;27.60814490000001;26.271980861725016;33.68506636999997;30.825306241401364;33.14142935625;28.087902202167385;34.33784;34.26;29.561026118842022;
42.4;45.157158000000024;44.71225411775;49.28530797987499;43.91289314875;44.23764999999999;40.644796000000014;43.41568;45.9116720151;40.5032274;45.75719459;41.493890179999994;42.79457845000002;43.03100452300001;50.682456153749996;44.04870525;48.997902672124994;53.400400989999994;43.88890549999999;45.27356999999998;50.886574800000005;39.898201;51.504882499999994;46.04788348315502;41.67424325000002;44.03593538091833;46.38369830306999;49.67047302101188;40.59600000000001;42.46883999999999;50.96854543170001;
40.5;37.095329999999976;37.39125957524999;33.814154025125;37.80483866124999;37.57734999999999;36.310396;37.46175999999999;35.9125220334;37.14427330000001;37.28782764000001;36.975612848;36.53164030000001;37.453220108000004;33.19682669625;37.83984525;34.02604214287499;33.14160098999999;33.684101;33.66637;33.14923640000001;35.146542000000004;33.464712500000005;33.91084096178002;36.68795248;38.99875887808143;35.07110187383999;34.04760990731188;37.148;34.97455999999999;34.37056137359998;
29.2;27.95483816000001;29.927419459589995;28.96181146544299;29.399453633769998;29.870649999999987;28.548795999999996;29.543211999999993;29.49737077824;28.130121559999996;27.930243999999995;27.256109789999996;25.7592142;27.568116800000002;28.958277999509995;30.11791509;29.149251255148997;28.667800989999982;29.415764599999996;28.609769999999997;27.700003600000002;27.126568;29.870710099999993;28.056306858400003;28.755523249999996;29.107961284307862;28.67356121599999;28.390562026615783;28.46946;25.083360000000006;30.391427055983996;
42.9;44.617512800000014;45.02633944775;54.841137652875;44.37111299824;43.78602999999999;42.559995999999984;44.21319200000001;48.2574104682;43.490041348;44.794659960000004;43.024397448;44.28991451999998;43.78708961200001;57.878616763749996;43.630298759999995;54.22476931112501;64.59870099;54.3676256;53.252570000000006;63.2122272;41.933396;59.001232500000015;46.287729188824;42.56821812;43.751382037175276;53.810504164479994;52.14121757711188;42.876880000000014;44.550639999999994;59.70023445700001;
29.1;32.12936959999999;33.13339108899999;29.401407296;32.88569601855999;33.23302000000001;32.076796;33.024800000000006;32.615977832;32.165881999999996;32.130971;31.670904000000007;30.786622800000004;31.904618699999997;29.042782719999995;33.473268960000006;29.64837792799999;28.300000989999994;30.759091999999995;30.50627;27.93574559999999;30.856530000000003;29.582640000000016;30.498756043600018;32.42612499999999;33.24392340998142;30.467237989999987;29.133794174440006;32.05352;29.880000000000003;30.138977213600015;
18.4;21.512202900000005;20.367106091810005;21.972119627197003;20.210078359999994;20.26560999999999;24.240796000000003;21.087029999999995;21.153080095784002;21.75366188;22.311248960000007;21.496089725000004;21.385654399999996;21.395847911999997;22.571739565290006;20.37002900000001;21.860153006370997;21.839700990000004;24.725793999999997;22.67347000000002;22.09201200000004;22.403471999999997;21.811198100000016;22.94420495748001;21.69127325;19.946185563500165;21.875021005760004;20.769576170194025;21.284900000000007;18.57436000000001;20.906026399339993;
39.8;32.38167512000001;33.58964524008999;37.021211369792994;33.31916898961;33.47250999999997;33.58879600000001;33.479896;34.853664659372;32.95443492;32.21365371000001;32.480573280000016;32.133926670000015;31.630733987000006;36.89421712900998;33.61163540999999;37.209440987199;37.35560098999999;36.88791179999999;36.45597000000002;38.372881199999995;32.33329199999999;37.3323601;32.68883938332103;33.51990324999999;32.356038246802456;35.774628385859984;36.47988268350819;33.23492;31.896359999999994;38.28216686544799;
24.9;25.217503840000006;25.70309679204;22.301729548007987;25.237527048079993;25.74927999999998;27.617596000000006;25.723940000000013;27.040819784664002;25.923089200000003;26.350089310000005;28.442098496;26.227004460000007;26.711949307;21.637060196559986;25.66826804000001;22.54983214594401;20.376200989999987;25.023033799999993;24.436770000000003;20.9174376;28.873351000000007;20.349789599999973;24.583821196321995;27.814397279999998;25.909380491490253;24.233331499029987;21.55406477564447;26.776140000000005;26.542640000000002;20.38298740463199;
36.1;30.91053642;32.93411153929;29.581611660832984;32.846643379759996;32.96400999999999;30.79279600000001;32.747689999999984;34.10922630274;32.89942468;31.639211;34.686140574999996;32.46264479999999;33.077121700000006;28.58779518180999;32.75036576000001;29.891196359919007;28.485800989999987;32.97786719999999;33.30457000000001;32.17517599999999;35.17960299999999;27.360782100000012;28.6621207951;33.69434324999998;32.07534182126304;33.170653509000005;29.413392100053144;33.52482;35.562759999999976;28.570886683019978;
35.8;27.970724800000028;27.36189488539;31.304498410902994;27.970663111250005;27.52548999999998;26.508796000000004;28.508;26.864109826354003;29.33575658;27.60832731;26.913806519999994;28.014169449999994;28.356087907000003;31.43288825171;27.63849725000001;30.393854901929004;31.847000989999994;29.595159499999994;27.94667;28.683802799999967;28.923956999999994;32.401428100000025;33.381877578165;26.956072999999996;28.031000623851924;28.028176890409995;32.767614517522404;27.2801;29.956960000000006;31.387465331496003;
25.6;28.86510272000001;30.25402299572;28.190597950824;30.192461437519995;30.421840000000007;29.734396000000004;30.510824000000007;31.465753367584007;31.109295775999996;29.802506559999998;32.60822759400001;30.45587216000001;30.773251632;27.31537626568;30.283328839999996;28.162890370232017;26.552600990000006;29.9008034;30.157770000000014;26.81061120000001;33.755587000000006;26.633852400000002;29.87254998640801;31.74123251999999;29.93323664870846;29.15576874336;28.773813008859506;31.30356;33.79915999999999;26.946386658736003;
34.9;33.99832192000002;34.82104419796;36.06731613655201;35.39326076329;34.99774;36.411196000000004;35.1091;35.234708261231994;35.94238898;33.928032760000015;35.878229979999986;35.927463580000015;34.960435772;35.41568344264;35.308689810000004;35.88028344213601;35.631800989999995;33.819142199999995;33.859269999999995;34.215626000000015;36.281572;36.38657159999999;36.10333996800403;35.883740929999995;34.978702446795694;35.42537015816;36.21630793504064;36.727380000000004;35.60736000000001;36.55622134584;
30.9;26.6304576;25.422266871970002;26.523923791949002;25.459346750000005;25.543329999999997;25.50079600000001;25.703089999999992;24.924350740186004;25.09616842;26.13263571;24.672380739999994;25.671622200000005;25.851099386999994;26.794392081929992;25.58567600000001;26.101925701107007;26.081200989999996;24.605577999999998;23.330670000000023;25.482064800000046;25.896552999999997;26.7977249;28.33118560613999;25.084377;25.454847770853178;25.099014873490006;26.99679338534537;24.563100000000002;25.287360000000003;25.820344645543997;
45.4;37.438710400000005;37.485091968999996;35.374798692999995;38.12565286543;37.66713999999999;39.132796;38.12299999999999;37.743230142;39.5068172;37.30933475;38.95510816000001;39.60231665000001;38.23202207500001;34.678012009999996;37.924661490000005;35.605080298999994;34.53570098999999;37.5514843;37.69507000000002;37.1018028;38.266051;34.58385999999999;35.612639357575;38.511067999999995;37.85377326753124;38.338584886750006;35.315774097790005;39.394740000000006;39.15164000000001;35.46466918025;
37.1;32.44133968;33.45090980372;35.23190347142399;33.431664618730004;33.51172000000001;35.70559599999999;33.289207999999995;33.833325622400004;33.85593092799999;32.27411875;34.744140712000004;33.46412145000001;33.473546875;34.64096040768;33.74809509;34.997715376032;34.69170099;32.23610899999999;32.32746999999999;29.97480520000002;35.575889999999994;35.754772399999986;35.898010389625036;34.98675171999999;33.25033511950221;32.9520531875;35.30415202294631;34.89914;34.06900000000001;35.750555176662004;
29.6;30.68347264000002;32.08669232507;29.684930370518995;31.60884037816;32.03994999999998;33.891195999999994;31.475560000000012;32.469479509879996;31.33824737999999;30.523571;32.493851848000006;30.448008800000004;31.1439987;29.29041089683;32.20808736;30.214710848616992;28.537900989999994;31.060999199999998;31.237370000000013;29.084641599999998;31.975097999999996;29.002242899999995;29.126463016799992;33.30397168;31.371199459492402;31.496045193999997;28.62188283618514;32.63372000000001;30.739359999999998;30.307474647816008;
45.3;44.604985600000006;43.195978809;34.743033383;43.49662493587;43.31566000000001;48.00319599999999;43.30792;40.35412894600001;45.62899288;44.57853475;47.79596732800002;47.17553915;47.026722075000016;33.84465530999999;43.39216989;35.37693728900001;32.97860098999999;39.17153589999999;40.94986999999998;33.75307959999998;46.386706999999994;32.17316;40.469858492675016;45.57693647999998;44.986897571806;40.44895690474999;35.041793383390015;46.280860000000004;48.06556;33.27393594349998;
36.1;35.51174624000001;36.164776702370006;42.618407488829;35.773676515359995;36.03864999999999;35.302396;35.852371999999995;37.070530493444;34.959093604;35.47680219000001;34.88366377200002;34.78964926;34.50386824300001;42.55944082352999;36.110777160000005;42.258880682947;43.71530099;37.86008839999999;37.81877000000002;39.4897976;35.189666;43.99115689999998;38.53736988509402;35.54656068;35.4145094300757;37.471164831020005;43.189235570934834;34.94302;35.03244;43.921762135056;
26.8;28.813019159999982;27.80453959807;28.390212069618997;28.077153189439993;27.914109999999994;26.105596000000006;27.923050000000014;26.919060915356006;27.082640740000002;27.80036396;26.025609208000006;27.550044120000013;27.601008411999995;28.60560828383;27.92458196000001;28.251999059916997;28.191000989999985;27.52870440000001;26.333070000000017;31.237916800000022;26.422474000000005;28.0970629;26.671775620264036;26.598911880000003;27.844420358685852;28.465070662320002;28.69377891242795;26.376480000000008;25.860840000000007;27.925339317744005;
28.2;31.046793199999996;30.857623037750002;29.171350524875;31.51844943869;31.181530000000006;27.919995999999998;31.350824000000003;29.855190975550002;31.124497572;30.26688219;29.844551526000004;30.85229799;31.441234243000004;28.817441803749997;31.21880621;28.796751067125005;28.223300990000002;27.7357183;27.39447000000001;28.876456400000023;30.733032999999995;28.83968249999998;31.379880640621014;29.876805479999998;31.83341729083415;29.283431716609996;30.78930876331189;30.082380000000004;31.66696;28.43079818837998;
40.1;37.641477339999994;41.55973714916;38.83318633779199;41.41867077631999;40.989819999999995;33.71599599999999;39.497968;43.60559157434401;37.101897204000004;37.42786570999998;38.55664415499999;37.81737184000001;36.927085387;40.83366210943999;40.48843424;39.071252603456;42.88450099;40.66080559999999;44.40487000000004;52.10785200000001;39.823162999999994;39.940999600000005;34.752795567368;39.132272529999995;38.103072988703815;41.52120839688999;33.89470572797929;39.98836;40.54656000000001;40.590453910720015;
32.5;31.85094319999999;33.26892502452;29.400245352183994;32.05523212;33.16887999999997;36.41119600000001;31.030840000000005;34.03528056990399;29.87505786;31.98788524;34.99803422400002;32.48909720000002;32.818508828000006;28.863958480879997;33.176376000000005;29.978845130711992;27.57930098999999;26.08444399999999;28.280270000000005;26.06322080000001;34.682761;28.268256399999995;30.96935459904;35.448140929999994;32.30458146406093;31.294887660119997;28.499175453692775;33.61110000000001;34.040240000000004;29.479901388928;
42.9;47.96845999999999;46.694902929;46.177538125000005;46.379823305919984;46.38555999999997;48.204796000000016;45.85882000000003;46.18466995000001;45.438022399999994;48.43338091;47.871998579999996;49.116329439999994;48.537237827000006;47.309656249999996;46.24425504;45.946086875;48.88590099;43.898544799999996;46.459469999999996;45.736392800000004;47.72434899999999;47.20317999999999;49.439960273008026;46.694417000000016;46.44021467859716;47.263260984569996;47.17725901555003;46.72865999999999;50.571239999999996;46.087562804;
43.1;36.61022056;36.837424300269994;33.867964602959;37.155860131089995;37.05180999999999;36.411196000000004;36.99490000000001;37.067085410439994;36.85819851999999;36.69217900000002;36.524396662;37.39229550000001;36.502346300000006;33.27283014763;37.285856609999996;34.080888751537;32.70410098999999;34.3269198;34.85337000000001;34.81048040000002;35.59838799999999;33.510618900000026;34.610132822100034;36.596540929999996;37.03335680943738;36.133859986;34.09514598901987;36.79938;36.79296;34.08868543186399;
13.8;19.797889099999992;21.09284456775;19.863991462874992;20.931422903359998;21.05947;27.264796000000004;21.215402000000005;24.7319974169;23.091290039999997;22.784831160000003;26.883620664999995;23.363064120000004;22.314015252;19.139178463749996;21.094969160000005;20.227822491125014;17.70040099;23.403934999999993;22.66877;19.916378399999985;27.932474999999993;17.488072500000005;21.841532582115985;25.815619249999997;19.989697867719713;22.944444817000004;17.608758075311865;25.337419999999995;24.027399999999997;17.44741703282;
33.9;30.659411919999997;31.460592295239998;31.992731327847988;31.28553697495999;31.34895999999999;28.77679599999999;30.775023999999988;31.748370988391997;29.71272618;30.331201439999997;31.104961874999987;30.432797440000012;31.068020967999995;31.883662065359996;31.165431560000002;32.005074357064004;32.59680098999998;31.584169999999993;30.90387;34.96989599999998;31.399800000000006;31.149911600000014;28.27980142442397;30.942931249999987;31.033758978695204;32.755725856;31.922289095290218;30.453020000000002;31.343799999999998;32.18389879327998;
23.3;20.99346319999998;19.294025412750003;23.257533728374998;19.456324062560004;19.228869999999986;23.333595999999993;20.646338000000004;19.64472247225;21.500439336;21.575612749999998;19.595307268;20.515899100000013;20.181613674999994;24.18340429874999;19.408829960000006;22.929306727625004;23.563200989999995;26.1773452;23.86797000000001;23.511284800000027;20.876088;23.824602500000005;23.851705283149975;20.08566172999999;18.68288944600792;21.582745628499993;22.239874843061877;20.198720000000005;16.943359999999995;22.51427655400002;
27.9;25.977878239999995;26.24521657964;29.286295312127994;26.957019405530005;26.31567999999999;27.01279600000001;27.097930000000005;26.794384094848002;28.650526080000002;26.58802464;27.50871989999999;27.344078720000013;27.101771008;29.14238122495999;26.440028690000013;28.840140687104004;29.543700989999984;29.39548269999999;27.849969999999995;28.901862000000023;28.757629;29.162125600000007;29.120324300608008;27.152292000000003;27.15146001835498;27.524553650879994;29.41400244437893;27.814439999999998;27.40044;28.914046447039993;
40.5;34.46777368000001;35.19388113732;38.32313144234399;35.60753219848;35.22952000000001;38.02399599999999;35.55363999999999;35.15413316320001;37.01791474;34.21631875000001;37.19152112799999;35.985292300000005;35.713096875000005;37.78760851208;35.47968084;38.130758899592;38.51710099;36.64872039999999;36.25487;35.09649520000002;37.609508;38.5640104;36.90459763265003;37.00950716999999;35.48057693156176;36.2882947125;38.29686142560287;37.715440000000015;36.330360000000006;39.02364441425199;
25.9;26.633366999999993;26.114192879;22.220848374999996;26.37750613367;26.350059999999996;26.508796000000004;26.365929999999995;26.153903914999997;26.126851599999995;26.69122691;26.627291569999997;26.93489881;26.903454027;21.91544875;26.423958290000005;22.25815402500001;20.39050099;23.039273500000004;22.331269999999996;23.385854800000004;27.224355000000003;21.05562;25.660345984383007;26.619473;26.316578405021886;25.01653884615;22.143532995550004;26.324060000000003;26.348399999999994;20.443227080680003;
38.6;35.38729647999999;34.72972757252999;19.540969455940992;35.23279991632;34.89913;53.446396;35.453056;31.185316804736;44.999030211999994;33.94739744;51.260438776000015;46.47073472;44.47138716800001;17.286714325369996;35.22171924;20.549009851163;14.916700989999995;33.569274199999995;34.32337;14.548548799999992;52.129451;14.076898899999975;32.40266303395201;45.56375507999999;35.37399205936104;34.27156267871999;16.95752374997465;47.78236;51.60784;16.73796674084801;
28.2;27.94616639999998;27.43542239177;28.992615297008996;27.436164859999995;27.532929999999983;26.659996000000007;27.15845;27.278006614216004;26.15354612;27.52162336;26.96874294499999;27.40021760000001;27.503079591999995;29.05988570613;27.50112500000001;28.620755380687;28.700700990000005;25.549725000000006;24.626269999999995;28.51254799999998;28.12898699999999;28.989518900000025;29.170038327999983;27.193333729999992;27.165995272144016;27.753316096960006;29.662747732290256;26.620099999999994;28.215959999999992;28.554973993340013;
29.8;28.260234879999985;27.37579341252;31.18145242778399;26.782981225279997;27.31491999999998;26.256795999999994;26.996779999999994;26.903420192424004;25.570281219999995;27.462982559999997;26.167989724999998;26.347343439999992;27.093703832;31.61338397288;27.16248944000001;30.733936721512016;31.735800989999987;27.683751999999988;26.50847000000001;28.932333599999993;27.149289999999993;31.675956399999986;29.28931220383201;26.650781249999994;27.295223634276113;27.151991595199988;31.84896734423358;25.389539999999997;26.289399999999997;31.408109256528007;
30.8;27.55658152000001;27.25039455093;29.628270823220998;27.97051230008;27.42301;26.710396000000003;27.877798000000002;26.935113616356002;28.414808131999997;27.399080760000004;27.078944528000008;27.835108560000005;27.639821371999993;29.610412794970003;27.531187040000006;29.13704148020301;29.55620098999999;27.663398799999985;26.591470000000008;28.941890400000034;28.225170999999992;29.760006900000015;29.857632762512008;27.156694919999993;28.324716776431586;27.144890097879994;30.291578101476443;27.633840000000003;27.25364;29.23507286435202;
45.6;38.474549280000005;39.84795220332999;46.33762913030101;39.135687488319995;38.897529999999996;42.55999600000001;38.27184000000002;43.06861074598401;37.85776986;38.532024639999996;40.49319847999999;40.59179328;38.003551008;47.938811150570004;38.751255240000006;46.72719166064299;51.45610099000002;46.0844372;47.16037;55.855992000000015;40.323386;47.0701549;41.05523770131202;41.00401812;36.98819661215387;48.07142665312;42.41755147689739;40.84276000000001;41.94544000000001;48.33307230928001;
43.6;40.29294736000003;39.75796234691;37.27810730896699;40.073452039630006;39.88704999999999;40.846396;40.112079999999985;39.573773336408;41.08291904;40.25908076000002;41.21724232599999;41.85027486000002;41.06642137200001;36.72093600419001;40.05206589;37.36494099148101;36.76070098999999;38.488658099999995;38.95477000000001;36.832498800000025;40.323026999999996;36.77182209999997;38.440510986252036;40.34310133;40.36972940190121;39.68071372835999;37.98169607478196;40.63994000000001;42.01695999999999;37.374300186431995;
42.0;41.43389120000002;40.93368493124;42.817151226048;40.42155879999999;40.57833999999999;43.164795999999996;40.81458000000001;42.252482620544;41.51432128;41.155115640000005;41.89298352;42.134756400000015;40.699273708;43.28021183935999;40.474956000000006;43.119668169663996;44.32090098999999;45.40636399999999;46.324670000000026;45.458019200000024;41.631446000000004;42.62172160000001;42.002717413040024;41.976072000000016;39.425438871113414;43.61695433112;41.79713596576902;41.40460000000001;43.369040000000005;42.973195039568;
24.0;23.115590499999996;22.89873883876;25.853013632712;22.27247564;22.76115999999998;26.055195999999995;23.401579999999996;24.563507745024;24.26553338;24.20446331000001;24.983300709000005;23.364022400000007;23.298342107;25.99805689384001;22.675400000000007;25.790584909016008;25.447300990000002;28.657239999999994;27.200970000000012;24.875384800000006;26.065842;25.193973600000003;24.60662922380001;24.901696369999993;21.899056688816643;24.505507708159996;24.884258060007987;23.7584;23.182960000000005;25.006090825616013;
45.6;44.27451104000001;43.523551536929986;45.651521113421;43.67540364064;43.20504999999999;41.85439600000001;43.993576;44.028065341175996;44.272385672000006;44.30080204;42.20946297600001;43.49758516;43.06154178800001;46.413124008969994;43.212233160000004;45.724478018803;48.59720098999999;47.96689939999999;47.88577000000003;50.56864479999999;40.506709;46.39548689999999;42.74132940829602;41.98672013;43.84973497644012;45.92533534587999;45.270069616326815;42.469380000000015;42.42223999999998;46.79966614764797;
46.2;43.80435136000001;42.83751953611999;43.852588657704004;43.426169605990005;42.753460000000004;44.172796000000005;43.68152800000001;42.867122032304;45.78172927999999;43.66463339000002;44.30992210000001;45.78001069000001;44.364050883000004;44.04129070728;42.868469010000005;43.704228842072;45.566100989999995;45.796865399999994;45.96967;46.043858;43.770954;44.17779439999996;43.149752681991025;43.187833;43.29165583771544;45.54620573638;44.47917528676894;44.40878000000001;45.882439999999995;44.39952489616;
34.2;35.776905039999974;36.50895406161;40.35742178465701;35.82398879286999;36.307269999999974;35.302396;35.69485599999999;37.164318596680005;34.249168692;35.839331000000016;34.99344166;34.4032167;34.664050700000004;40.39185265749;36.31883589;40.380447939151004;41.32220099000001;36.973106300000005;37.19537000000001;39.194198;34.302059;41.05423010000001;36.088887308300016;35.65546068;35.87771887230497;37.34722980699999;40.4316654411754;34.65676;34.34744;41.742379415220014;
31.0;29.74586527999999;31.321417043629996;35.25942199131099;31.59459533737;31.35973000000001;31.97599600000001;31.870240000000003;32.876422015200006;32.03818472;29.5201;30.83034243;31.142444199999996;30.414299999999997;34.754699716270004;31.696411889999997;34.989384661073;35.48310099;34.6154952;33.329370000000004;34.36416199999999;32.020345999999996;36.30735089999998;33.484179422000025;31.661283569999988;30.440936727556803;33.43780379999999;34.936518945625295;32.39446;31.14504;36.40234075931998;
41.1;47.92100911999998;46.68113428771999;46.41450194022401;46.72658673352;46.35633999999999;41.047996;46.898199999999996;46.259094525712;45.43433602;48.39805536000001;42.927648864000005;44.51291304000001;46.015394992;47.462482823680006;46.31781684;46.531903354431996;50.00160099000001;48.203966;48.10547;51.90244560000002;39.37441999999999;47.54052239999999;43.85548060684801;42.545807970000006;48.488641139069955;46.4437380784;46.57280545339273;42.73366000000001;41.93160000000001;47.98084204249601;
40.6;41.576231039999996;41.09457725499;37.645936252423;40.97674031488;41.180230000000016;41.148796000000004;40.41558800000002;40.31744380079601;39.6296197;41.92955259;41.53419812000001;41.69664582000001;41.61322712300001;37.24709799811;41.22379764;37.915162791289;36.89860098999999;35.78084359999999;37.586969999999994;36.51624080000002;40.032042;36.9499041;39.32296665801802;40.993792;41.79770108559555;39.095928559940006;38.3939419447189;40.50254000000001;41.52316000000001;37.45735083289199;
39.2;44.51400128;43.15095852348;43.060886437055984;43.18628550666999;43.18408;46.390395999999996;43.221388000000005;42.193057297152;44.597723456000004;44.46993936;45.688066992;46.29747844000001;45.14817979200001;43.30652614591999;43.175212290000005;42.732923004608;43.45290098999998;41.384546500000006;43.434070000000006;38.8053156;46.406965;43.52073039999999;46.66265827076802;44.669540480000016;43.20532628421904;42.311867557599996;44.86230805269768;44.76636;47.95159999999999;42.468800795695984;
32.1;31.747946899999988;33.46526104279;36.55844453628299;34.30084307;33.32238999999999;29.784796000000014;33.62746999999999;33.992972786740005;35.00310868;31.671210999999996;32.98982456000002;33.091298;32.8227217;36.771744738309984;33.274844;36.223074419269;38.72700098999999;37.43778999999997;36.67736999999999;42.7707336;33.954004999999995;36.686642100000014;31.3391490756;32.60850925;33.1005242493888;37.436567415;36.549858445447924;33.868900000000004;35.101000000000006;37.87894677923197;
34.0;32.15188676;33.02053799124;32.64417522604799;32.659656063919996;32.89509999999999;29.381595999999988;32.753539999999994;33.373843732616;32.10154625999999;31.61318176;32.051263651;31.297976560000006;31.978466072;32.62251183935999;32.612524040000004;32.86658870966399;33.101700989999976;35.5594086;35.496570000000006;36.92653759999996;32.03631300000001;31.54210159999996;27.910315822688;32.14173532999999;32.1773008919437;33.45626400863999;32.10539756336901;31.41926000000001;31.612760000000005;32.81857831507199;
43.2;38.59857440000002;38.73151328237;36.668743488828994;38.11840642;38.79192999999998;37.116795999999994;37.428340000000006;38.39651893178;35.23033761999999;39.01240475000001;37.183092;36.98157950000002;37.14790107500001;36.45484082353;38.778141000000005;37.010472842947;35.70570099;32.553373;34.68057000000001;35.43046399999997;35.64463700000001;36.38619689999998;36.901189047749995;37.7058;38.6801566112436;36.110959017249996;37.147397679734844;36.39970000000001;36.51315999999999;36.80662493854001;
31.7;26.321041280000003;24.340145704919998;27.182739248064;24.372086035130003;24.283719999999978;24.089596;24.704949999999997;22.838535869504;23.83885336;25.17499211000001;21.943228594000004;23.940296290000006;24.426956467;28.04029165247999;24.344391890000004;26.924694739551988;28.01580099;26.837052400000005;24.61267000000001;28.71554040000001;22.22824799999999;27.667708400000002;24.78125813829702;22.78416067999999;24.93705732869273;25.077353906840003;27.03363702794344;22.52234;19.608159999999994;27.096601052822024;
34.4;32.028498720000016;32.82834522501;29.016605192837;33.24635772064;33.14448999999999;36.612796;33.04163200000001;33.598328002248;34.60471732;31.809237559999996;35.34127477999999;34.913274519999995;33.585742332;28.18323354009;33.49223316;29.005584456891;26.70420099;28.989991600000007;29.953970000000012;25.475670400000013;36.43479599999999;28.765186099999998;34.62730643594402;35.462979250000004;32.49034398385284;30.89238847448;28.758635722761873;35.82458000000002;35.555839999999996;28.567577957615995;
41.1;37.49707631999999;37.966994424839996;41.708709402367994;37.276404136809994;37.46656000000001;42.358396;37.348375999999995;39.340165179391995;38.304348832;37.12035490999999;40.43224083200002;38.928207370000024;37.85698562700001;42.00102162175999;37.38166821;42.089882295423976;43.43510098999999;43.25798530000001;43.79647000000001;43.3254996;40.527147;41.18940759999999;38.64919114348101;40.477797280000004;36.51462455125173;41.754965976109986;39.83651713255908;39.845420000000004;40.81796000000001;42.442205460153986;
34.0;32.54894863999999;35.39821203492;35.856522407064;36.13141236535999;35.291800000000016;31.649596000000017;35.55208;36.18416165605601;37.461021360000004;33.225767310000016;36.621886575999994;35.03376738000001;35.796725906999995;35.64674328247999;35.20077716;35.457217256552;37.661300989999994;37.53179300000001;37.33847;38.75608159999999;37.897365;35.68801839999998;34.019960600806016;35.24510768000002;35.968084958368735;37.05786926085001;36.658927913285424;36.70022;39.403600000000004;36.97750838524799;
30.3;29.03548015999999;30.67995094787;32.98452520367899;30.58330965184;30.683109999999985;31.068796;30.929264000000003;30.835280694711997;30.67038178;28.82287276;29.685105120000003;28.292444920000005;29.256113772000003;32.61810143803;30.967572360000005;32.897570726496994;32.75970099;32.61715080000001;31.52136999999999;29.909992799999998;30.336817999999997;33.87306689999998;31.81389319946402;30.831431999999992;29.94373175535148;30.727287770640004;32.53202561213763;30.96988000000001;28.104960000000013;34.05670674824799;
25.2;23.649534079999995;21.71509083181;23.515223627196995;21.886400669359997;21.71292999999999;23.585596000000002;22.223110000000002;20.903637483316;21.851240500000003;23.274035960000006;20.585785232000006;22.233510719999995;22.253236812;24.375039565290006;21.865348160000003;23.253550746370998;23.729900989999997;23.297088799999997;21.270970000000016;24.249387199999973;21.284342000000002;23.95673810000001;24.061817574695983;21.255282879999992;21.981641038152162;22.319313427759994;22.94468423019403;21.244120000000002;17.953159999999993;22.807555059644017;
37.9;37.0544256;37.11737703899999;35.20610115199999;36.52537580287;37.01836;39.03199599999999;36.81017200000001;37.39548206760001;37.05283214799999;36.838043639999995;38.382556058000006;37.09786197999999;37.242285308;34.76474464;37.03883589;35.688916475999996;34.49110099;37.621497799999986;38.03347000000002;34.35430919999999;37.391423999999994;34.16411999999999;34.80064005097199;38.33822676999999;36.84517606670224;36.61617446247999;34.70409777444001;37.34006;37.75104000000001;35.43892156467999;
16.5;20.760341839999995;20.675490122530004;21.449293455940996;20.824492361989993;20.650749999999977;25.399996;20.657395999999995;22.59715303247599;21.485747828;22.385237560000007;23.540294684000003;22.429014019999997;21.452072332;21.53231432537;20.775265010000005;21.539153791163;20.495800989999992;21.746301999999996;20.44457;22.56596760000002;24.430100000000003;20.383438900000005;22.270582650464004;23.320624479999996;20.055873751339647;22.723162597599995;19.79833026757466;23.23528000000001;20.4586;19.855585771528013;
36.1;39.7940732;39.47154160025;37.386747802624996;39.75300477109;39.548829999999995;41.350396;39.62751999999998;38.584801691;40.63327538;39.755491000000006;41.15204700000001;40.66409870000001;40.4049027;36.87090237125;39.68585661;37.64475132537499;36.78880098999999;38.1781275;38.935770000000005;36.60171;40.126445000000004;36.51837249999998;38.07844907490003;40.53272148;40.423576261425;38.485419824999994;37.548859856761865;40.83028;40.564000000000014;37.284583216;
28.7;36.705490240000046;36.97719030508;34.52895910077599;36.321178580589994;37.075300000000006;39.132796;35.704311999999994;37.659829528464;34.75956376;36.862418989999995;37.999211200000005;37.526343190000006;36.33685120300001;34.02896434632;37.06758861;34.916465868568;32.51800098999999;31.3593688;34.05647000000002;32.16090599999998;37.900648;33.61730239999998;36.925436689810994;38.451668;35.802009474955895;35.19671863696;34.587981321894716;37.071180000000005;38.75476;33.90066199543;
18.9;21.73713840000002;21.358667089000004;22.595465101;20.72018845499;21.259779999999985;25.500795999999994;21.369334000000002;23.1156884102;21.67554464;23.041595790000006;23.882602719999994;22.30799689000002;22.267256163;22.774176569999995;21.23896301000001;22.473809042999996;21.793000989999992;23.1259636;21.75567000000001;20.54796440000004;25.225936;22.06549999999999;24.584728151251007;23.718176999999997;20.431958971287855;22.189347398119992;21.58505710899001;22.56678;22.282639999999997;21.309228617000002;
46.8;46.94714112000001;45.70914063604;47.49848416480799;46.45918021080999;45.58245999999999;44.97919599999999;46.44052000000001;44.88281534304001;48.021359600000004;47.16914399999999;46.49749608799999;48.2907052;48.11045680000001;48.14555897256;45.70982421;46.885709908344005;50.97260098999999;46.69998669999999;46.53427000000002;48.332147599999985;45.351232999999986;49.1099996;46.10073210080003;44.55105588;47.56513287900259;48.11627373599998;49.381340370263686;46.24432;47.70376000000001;49.085407630623976;
30.6;28.13199056000002;27.529640696840005;29.862436381768;27.650138190320007;27.515199999999982;26.407995999999997;27.829851999999992;27.082462214648004;27.624890415999996;27.557639790000007;26.694404711999994;27.450655780000012;28.069312963;30.042462479759994;27.520991240000008;29.471885469624006;30.51910099;29.40476739999999;27.526169999999997;30.684004800000025;27.591937000000005;30.004517600000007;28.66378882598201;26.850134879999995;27.765675889085088;29.032391447690003;30.329015201606712;26.601660000000003;27.61256;29.861019183416005;
15.6;23.04144149999999;23.154522737989996;21.695620288522992;22.543130270000002;23.208789999999997;26.659995999999992;22.77411;25.101501935948;22.534138120000005;24.416822840000005;26.00927041099999;23.864186000000007;23.252578548;21.392230475109994;23.11372400000001;21.977762873589;19.435300989999995;22.096449999999994;22.006369999999993;20.613830400000012;26.72335499999999;19.95823409999998;22.939944112480003;25.827133729999993;22.279595694289185;22.43938123299999;20.479894676031293;24.5063;23.3802;19.678291539508024;
14.0;20.70055210000001;17.727931169;20.507067999999997;18.195647047759998;17.663619999999984;21.317596;19.238336000000015;16.222631588999995;18.969888131999998;20.410261560000002;15.867331276000002;19.029677880000005;19.467720132;22.059420000000003;18.015562760000005;19.855927270000006;21.857300989999988;22.1822532;19.01197000000001;20.61596559999998;17.440687999999998;22.366279999999996;25.05099649933601;16.676018530000004;17.7782996725187;19.19680097384;19.64740793380001;17.67082000000001;13.529959999999999;19.962712801080016;
36.6;37.25957752000001;37.19650243644;34.433561655287996;37.500231373809996;37.31626000000001;39.23359599999999;37.72962;36.354411668288;39.0901215;37.021462910000004;38.923957005999995;37.87664643000001;38.060703227;33.73671646616;37.52064621;34.751322414984;33.40210098999999;37.30122409999999;37.223070000000014;33.2898716;37.904429;33.4557736;35.08115462418102;38.49569636999999;38.11146788175236;35.95534826066999;34.24796415331998;38.80492;37.685640000000014;34.46614475126398;
28.6;32.65853668;31.413560471609998;28.547693784657;31.45212271736;31.85352999999999;27.466396000000003;32.41193400000001;29.712438506515998;31.571294855999998;31.03569356;28.720963001;30.037051120000022;30.873440532000004;28.40335265749;31.719640160000004;28.427777509150996;26.382200989999994;29.523611999999993;30.327170000000006;26.786588799999976;29.007519999999996;27.979550099999994;30.084459270955982;29.622969569999988;32.38796116310462;25.982181036399993;30.24988834997538;28.631819999999998;28.6114;27.388612956556017;
35.9;33.751384000000016;34.65853910524999;36.85921107812501;34.952616909999996;34.838049999999996;33.58879600000001;34.631499999999996;34.8265730575;33.96334819999999;33.87371411;33.46019038;34.003474800000006;33.575679867000005;36.324773906249995;35.123736;36.479489121875;36.575400990000006;32.0631;32.21077000000002;33.62057520000002;33.83969999999999;38.025042500000005;36.69734071596002;33.955503249999985;34.76690044133281;34.02187477649999;37.493448558971885;34.32200000000001;33.3906;37.6035743044;
25.2;23.815480639999976;24.05531942879;25.880682604483;24.030580482830004;23.97252999999999;26.559196;24.189472;25.538095000183997;24.971850952;24.89618016;26.155979130000006;24.90831016000001;24.484450552000002;25.776871412309998;23.980296290000005;25.928677771869012;25.506400989999996;27.340819000000007;25.91637000000001;27.13150600000003;26.86834;24.791182099999997;24.150566784592;25.880272769999994;23.707322080588483;26.095302590399996;24.755594362288736;25.54554;24.0566;24.928321219400004;
20.0;23.903223999999994;20.99183224775;23.294669296874996;21.319884866629994;20.986689999999992;22.224796000000005;21.755707999999995;18.874402743749997;20.78889156;22.749653710000004;18.054682720000002;21.309605090000012;21.598208986999996;24.641589843749998;21.211899890000005;22.873749953125003;24.214100989999995;22.867979199999997;20.267370000000007;24.803317200000038;18.777673999999994;24.532482500000015;24.14611010716699;19.09548924999999;21.478574852434235;21.663859791920004;22.919379029471873;19.521640000000005;15.39704;22.917811612349993;
22.8;24.51658383999998;23.66912781047;22.513992685898998;23.836870732159994;23.731149999999985;25.39999600000001;24.372494000000003;23.858495154187995;24.819376692000002;24.82565644;24.437342332;24.84511164000001;25.265639467999996;22.631293683430002;23.871668360000005;22.213805835957007;22.05420099;24.19410639999999;22.25137;22.32250480000002;25.622936000000006;22.360014900000003;26.651416984483973;24.350224479999987;24.033249304311653;23.90552279872;22.241689195110986;24.19012;24.620839999999998;21.312488474684017;
16.9;22.18035599999999;22.011027820040002;13.214836059607993;21.04587567875;22.065339999999992;26.206395999999998;21.59391;23.827030712311995;21.114691119999996;23.68300059000001;25.323284815999997;22.932627850000014;23.192432722999996;12.79758820856;21.996385250000007;13.949444264744002;9.86720098999999;17.945499499999997;17.730770000000007;13.434050800000023;25.177071;10.48822959999999;18.712887381994996;24.934104319999992;21.517977072683976;19.25893588967;11.206427173954857;23.2109;21.07783999999999;10.058182935996001;
21.6;27.829624799999976;28.54949417556;27.129206252072002;28.74595146875;28.71946;28.423996000000002;28.786610000000014;29.277558927760005;29.211441680000004;28.456291000000004;30.264363551999992;29.068658700000004;29.262002700000004;26.497103369040012;28.692877250000013;26.998285233496;25.82990099;27.3993895;27.05637;26.01554679999998;31.268123;25.981955600000006;28.98852888870003;29.68502368;28.918377055921894;27.643102099000004;27.589974691180142;29.470000000000006;30.756359999999983;25.949816237676004;
24.8;30.24955559999998;31.66276039275;26.819002165374997;31.31242027351;31.768569999999976;30.564796;31.2396;31.416359361300007;30.047439;30.296601709999997;29.658840889999993;28.820516270000006;29.688229587;26.65107638875;32.014457009999994;27.225424998624995;25.383100989999996;28.256491899999993;28.483569999999997;26.864804399999997;28.961181;26.9655225;28.31511292195101;30.87135325;31.170862840536444;28.943193080230003;26.27096743736188;30.43652;27.85244000000001;27.58969907010001;
37.7;46.83239519999999;45.199134609;42.919286528;44.78364460096;45.35182000000001;45.382396;44.3602;43.71362557599999;42.79986856;47.379211;45.07267001600002;46.03425480000001;45.87138670000001;43.24887295999999;45.20779056000001;42.77820926399999;42.42260099;37.760994;41.49327000000003;37.818532799999986;44.856854999999996;43.32375999999999;48.57308033960001;44.878508679999996;45.50980522032384;40.708828354999994;45.21514835043999;43.88432;46.827999999999996;41.4979424336;
37.7;43.05041920000001;42.406953589;42.16396910899999;42.792551427369986;42.27405999999998;45.180796000000015;42.610120000000016;41.91074977800001;44.39159479999999;43.02539475;44.71933383999999;45.160101850000004;43.980504075;42.24229312999999;42.34641189;42.270550586999995;43.32720099;43.2719612;44.25407000000002;43.763590799999974;44.16463600000001;41.77924;42.46794661242504;43.62600800000001;42.97248487648662;43.94809095299999;42.16004499059;44.568059999999996;45.53643999999999;42.23821314099999;
41.2;42.58817311999999;41.89000387388;33.79676663573599;42.10596757243;42.096459999999986;41.350396;41.48996000000001;40.068735326832005;40.77677536;43.02297651000001;41.74658578800002;41.84875461;42.129235147;33.11076911351999;42.176375490000005;34.696289863848;31.76210098999998;35.54528599999999;37.66407;36.42764839999998;38.81743999999999;31.628698400000005;36.75738963786702;41.39402148;43.534371644229054;38.003084414599996;33.70917102127902;41.28574000000001;40.49860000000002;32.824658528463985;
29.2;32.36935199999999;32.39853629899999;36.74992387500001;32.87484734374999;32.313099999999984;28.020796000000004;33.21647;31.291303290000002;33.914961999999996;31.147522360000007;30.081432919999997;31.114621500000023;32.302494892;37.24158375;32.25543125;36.140137325;39.04230099;37.507192499999995;36.04687;37.86473640000003;30.695829;37.68473000000001;32.336393134300025;30.322472000000005;33.97632416690493;32.729823098119994;37.83331803655;30.690800000000003;30.86484000000001;38.261678158000024;
21.7;20.23063810000002;18.643336248999997;21.112227125000004;18.576966643969996;18.56085999999999;23.333596;19.49253800000001;19.400014108999994;20.062429676000004;21.07977184;19.608851819999998;20.174315520000007;20.083993848;21.984566250000004;18.747974690000007;20.660588135000005;21.23940099;22.1887719;19.935069999999993;19.995722;21.440306999999997;21.883189999999992;25.145685741952015;19.89756173;17.869786045556936;20.212962923839996;20.114443126950004;19.722260000000002;18.183959999999995;20.12197495696003;
27.9;24.718168400000025;24.538273428999997;22.822759647999995;24.93724579403;24.661239999999985;26.307196000000005;24.90407000000001;25.403612768800002;25.486939760000006;25.382043640000003;25.962737516000004;25.925192220000007;25.365665308;22.585671359999996;24.775490690000012;22.889127703999996;21.58820098999999;24.582371499999994;23.319770000000005;25.627289200000007;26.702315000000006;21.60811999999999;24.35736033610801;25.78344531999999;24.32117151280096;25.739319424599998;22.079230526439993;25.86004;25.248200000000008;21.237120277879995;
36.5;32.76880295999999;33.91773615972;32.268490591624;33.82387712224;34.09875999999998;30.564796;33.29591599999999;33.457457406128;31.210392579999994;33.09403596;30.593679140000006;31.233474480000012;31.498566812;31.986284721679997;34.351997759999996;32.24505448463199;31.439600990000002;28.40425759999999;29.02827;31.201094400000017;29.997201000000004;33.275472399999984;32.702018493024006;31.61385325;33.89652566586585;31.414639537079992;32.64563991680192;31.467380000000002;29.887039999999992;33.165774475264016;
25.7;31.040806480000015;29.76335583172;29.581406401023997;29.909025376879992;29.933619999999994;26.357596;29.630015999999994;27.856696653128004;27.866398452000006;29.334270590000003;26.884312925999993;28.687897580000012;29.662406723;29.80144867968;29.89878164;29.284025808832002;29.410200990000003;26.429332;25.613469999999992;29.59116560000001;27.116310000000002;29.663452400000015;29.08544179771802;27.598896529999998;30.939229833388367;27.7482439028;30.746262244175103;27.09104;26.696800000000007;29.319541722128008;
17.2;21.64514344;20.978065624840003;21.31907230136799;20.70290794208;20.89887999999999;24.996796000000003;21.426800000000004;22.276626625168007;22.12712648;22.759885240000003;22.9126605;22.007367519999995;21.872898828000004;21.620905051759994;20.95419104000001;21.387088772423997;20.56850098999999;24.203740799999995;22.61427;21.465332000000046;23.626821000000003;20.52414759999999;22.24930260148801;22.913899999999998;20.484792409283443;22.04683841491999;19.92637526680511;22.25924;19.738440000000008;19.909309915280005;
27.1;23.90420137999999;24.99337889821;26.074357189477;24.177773519509994;25.03482999999998;28.272796;24.54638;27.644977576730003;24.468318079999996;25.794352750000005;29.002968995000003;25.546664350000004;24.945421674999995;25.51632218489;24.831061010000006;26.06251904041101;24.11290099000001;24.829647400000002;25.22506999999999;21.834735600000016;30.573476;24.670224100000013;27.173080766775;28.370613249999998;23.871205335066634;24.222635094499992;25.528291416879295;26.894320000000008;28.368639999999996;24.556560270412035;
29.9;28.805405000000007;29.99764098169;27.698928641712982;30.117617150000005;30.216489999999997;29.331196000000006;29.651849999999982;30.97184206616;29.19146954;29.503736;31.751110280000006;30.1522176;29.907949199999997;26.855063803409998;30.106376;27.796722603759004;25.727300989999982;26.634512000000015;27.305070000000025;27.401476000000002;32.58129800000001;25.947346099999994;28.568572222000004;31.214155720000008;29.967677797785598;28.395379063999997;28.001817530351058;30.887799999999995;31.887160000000005;26.22574233591999;
38.3;38.036321279999996;37.91523557396;36.515337474751995;38.001105354159996;38.065179999999984;37.31839600000001;38.109399999999994;38.12204539520001;37.90747176000001;38.05956875;37.45937543599999;38.18606730000002;37.515131875;36.05431401664;38.21955636;36.620006764736004;35.71370099;36.6022664;37.11147000000002;36.137820800000014;36.637876000000006;36.4232916;36.76472854915002;37.54085828;37.950076272012964;37.188044549999994;37.07290855982183;37.34562;37.90004000000001;36.766567962831985;
41.1;32.22102032000001;33.37415072827999;37.220364684216;33.71764167883;33.40606;33.48799600000001;33.99353200000001;34.115706213535994;34.156931727999996;32.02608844000001;32.75537351999999;32.77346437999999;32.37992986799999;36.790910667119995;33.69458829;37.070385484487986;37.633700989999994;36.870791999999994;35.65607000000001;36.924138;33.05468;37.95937639999998;34.04222599242803;33.38045471999999;32.99757150177936;35.35299172479999;37.0296498446176;34.10344;32.03679999999999;38.42616806535999;
37.7;37.09428000000001;37.215208139000005;33.93662;37.24718799961;37.401519999999984;39.132796;36.8321;36.5606208;37.0063168;37.150843840000014;38.483205440000006;37.634830160000014;37.29257724800001;33.275;37.54163541;34.27076199999999;32.09220098999999;32.793049599999996;34.41947000000001;31.583705199999997;37.833424;32.98186000000001;36.17432820038404;38.501168;37.606642192697166;34.72694137568;34.0228669682;38.16732000000001;37.76784;33.467019111599996;
35.4;35.622423839999996;36.24878421807001;38.986692069619004;36.062228757759996;36.218349999999994;33.89119600000001;36.148264000000005;36.63405214758401;34.75782725199999;35.68483103999999;33.66590482400001;34.00051296;33.796573088;38.96820828383;36.32556276;39.10063545991699;39.373700989999996;37.49929339999999;37.49477000000002;40.17392079999999;32.70452099999999;39.60044289999998;35.032758967424;34.630571679999996;35.70949067521083;36.87988837472001;39.107023050827955;34.28072000000001;32.893040000000006;40.15398677752799;
28.3;27.10492468000001;27.42942070813;26.467760900460988;27.186746396720004;27.523329999999987;27.869596;27.788018000000015;28.638501712334005;28.172644296;27.66428851;28.801443549000012;27.601862760000007;27.289826547;26.01119078177;27.398025440000005;26.66391924952299;24.854900989999983;29.571062399999985;29.25737000000001;27.998918400000008;29.490222000000003;24.85276090000001;25.65864342302797;28.66875293;26.237467735688256;27.82216382995999;26.025618231280102;27.810560000000002;28.43496;25.096704260091997;
33.9;31.452815999999984;32.99294446525;33.230971078124995;32.99154487455999;33.01656999999999;32.580796;32.40684;32.618752255000004;31.5507242;31.552418360000008;31.93272884000001;30.775166119999994;31.598196092;32.86077390625;33.27275796;33.356023021875;33.016200989999994;30.44072519999999;30.393170000000012;32.008580799999976;31.401968000000004;33.566632500000004;31.425002028776028;32.664839249999986;33.011455016470535;32.558169729039996;32.84791572397188;32.799220000000005;29.997760000000007;34.31671363783998;
31.6;30.772970679999986;30.40984904836;30.246102506631996;30.499398916159997;30.57747999999999;27.56719600000001;30.087460000000025;29.542913503144;28.6233921;29.789939359999995;28.881094587000007;29.45850488000002;29.958074792;30.193042708240004;30.480299360000004;30.075331771576;29.65750099;27.266885199999997;27.171370000000028;30.1071144;29.255943000000002;29.808567600000003;29.22396744809599;29.28856756999999;31.224126511969786;28.312465542240005;31.162435849173097;28.73582;28.613560000000003;29.808136230768014;
23.4;24.921220000000005;23.180368232750002;28.556125734374994;22.814977323439997;23.05362999999999;24.190395999999993;23.399029999999993;22.64166897475;22.715980659999996;24.323384750000002;21.799820295999993;22.904454200000014;23.104447075;29.43682171875;23.04242096000001;28.125419665625007;29.433800989999995;26.959353199999995;24.858069999999987;28.136072799999994;22.871477;29.3722625;26.17909651690002;22.54408191999999;22.741868625115643;24.796031997249997;28.430248067421875;21.776380000000007;20.566160000000007;28.62847900700001;
16.6;20.406881279999993;20.97197091428;20.09536123641599;21.28674878552;20.997579999999992;26.357596000000008;22.024639999999994;23.545170459304007;24.56907154;22.797653710000006;25.529036282000007;23.472998659999995;22.961578986999996;19.73497922111999;21.175472840000005;20.061612419087993;18.816900989999986;24.61139279999999;23.10867000000001;19.226999199999995;26.854494000000003;18.849976400000003;24.36767976147799;24.64869652999999;20.80469402853825;22.31395979192;18.531294961257977;24.824360000000002;23.517040000000005;18.142540248756006;
18.6;20.496623279999994;20.87262072851;22.879324596287006;20.623573066159995;20.85402999999999;26.206395999999998;20.943386;23.483808696846;22.014748084000004;22.665653710000008;25.06984844;22.695003720000017;22.122823987;22.77505605659;20.910299360000003;22.551121090241008;21.803900990000002;21.563594399999996;20.616070000000004;18.62361199999998;27.081066;22.451016100000004;26.921472506756;24.45890431999999;20.120679549628704;21.639778524579995;21.963683686639065;23.793020000000006;24.241039999999995;21.438708320399996;
17.9;20.497453760000013;20.99795952663;23.195644162410993;19.925469839509997;20.809089999999994;26.357596;19.827956;24.116662698450003;19.372638792;22.570118749999995;24.914870590000007;21.70440935000002;20.657621875;23.150874143269995;20.631061010000007;23.564438068373;21.781400989999987;22.108797999999993;21.660570000000007;23.004794000000004;25.74429;21.45466089999999;20.88015345337499;24.66849653;18.988260261018013;23.199647125;21.085466200698512;22.996520000000004;21.380000000000006;21.622448779920006;
35.6;28.927285720000043;28.603977502679996;23.951718485696;28.905063252830004;28.869759999999975;27.315196;28.832129999999992;27.960235555488;28.3372728;28.57276304;28.504264550000002;28.761517080000004;29.444683487999995;23.438788430720006;28.900296290000007;24.008322584128003;22.167900989999985;24.612792;24.162570000000017;24.13569000000001;28.661499999999997;22.6087144;26.88561290724801;28.430826119999992;29.84680174228319;25.937134756799992;24.396945136775756;28.160639999999997;27.6838;22.321751756639998;
28.5;31.636002800000014;32.70006699775;33.214497523874996;32.83056486841;32.83656999999998;35.100795999999995;32.77888000000001;33.0606343248;33.5093557;31.42324896;33.82143504;32.61184288000001;32.414822912000005;32.59107223374999;33.108434609999996;33.137827364125;32.079400989999996;31.666897499999997;31.860770000000006;29.128570800000006;34.617824999999996;33.44285250000001;34.53582193785603;34.350688000000005;32.30944206359136;31.920114552;32.99768366121188;34.445720000000016;32.96359999999999;33.47401728119999;
37.9;31.00243528;32.12043706004;30.09307205960799;32.18654478303999;32.23191999999999;32.983996;32.54152;32.509850458752005;32.79857258;30.778016110000006;31.99303949200001;31.23056968;31.472749267;29.592188208559993;32.52903456;30.27336742474399;29.023400989999995;32.6798744;32.00807000000001;29.145212799999996;31.996824000000004;30.141109599999986;30.97789197054401;32.70131917;31.752889776551953;31.27253861202;29.51644178355486;32.83748;30.755239999999993;30.675396833471993;
26.0;25.357548500000007;26.40915879723;26.75540546943099;27.50614917875;26.505369999999992;27.869596;27.971179999999997;27.661870475988003;31.338584320000002;26.73316684;29.147742250000007;28.38854810000002;27.919775347999995;26.093769724669993;26.697181250000007;26.671599884233004;26.468600989999988;32.38025999999999;30.581870000000016;29.599649999999997;29.924201999999998;25.4228029;26.586740296299993;28.20345293;27.46944346416001;28.773961762239992;26.070404433135533;29.620100000000008;28.193160000000002;25.714548990999987;
35.9;34.484544000000014;34.833586385249994;33.303871078125;35.307079537839996;35.109729999999985;36.612796;35.47822000000001;34.3721782375;36.607325800000005;34.27631875000001;35.99775377;35.375162;35.13101687500001;32.57577390625;35.412903359999994;33.223203171875;31.828000989999996;33.389625599999995;33.511570000000006;29.50351359999999;36.21777599999999;33.33296250000001;35.913249915000016;36.08667925;35.30879573704752;32.849432362499996;33.54063910617188;36.55508000000001;35.115640000000006;33.255326075;
36.7;34.03528399999999;34.01216440775;33.93068257887499;35.21651960873;34.232890000000005;28.373595999999992;34.909268000000004;31.9350956629;35.438202536000006;32.46875596;31.161229218000017;33.25264606000001;34.521535811999996;33.87103858374999;34.30809509000001;33.45779400912501;34.780400989999976;33.68039869999999;32.82087000000003;35.990954800000026;31.346899;34.12895249999999;32.455459673172015;31.32929973;36.92026629700588;32.23055574931999;35.755238744511885;32.58054;31.952840000000005;34.395069046239996;
27.8;24.809932959999998;22.545891888679996;26.548313161895997;22.714354872559994;22.45143999999999;23.283196000000004;23.437459999999998;20.991095702168003;23.01194304;23.86700059;20.23272039999999;22.554056740000007;23.084102722999994;27.60690366471999;22.588829960000005;26.16089414072799;27.826500989999985;27.468302199999997;24.661770000000004;27.79242000000002;20.805083000000003;27.4492344;24.718182983694003;21.065138919999992;23.110963931052964;24.063751789109986;26.22056212662814;21.18202;17.761360000000007;26.536083353380008;
31.8;27.380419840000002;27.713502687240002;26.981462653247995;28.436050850930002;27.936279999999996;27.617595999999992;28.30155000000001;27.993147615999998;29.204541759999998;27.794999999999998;28.924497919999993;28.8714772;28.851919999999996;26.519674143359985;28.05480749000001;26.627852979263988;26.18020098999998;26.56901499999999;25.613369999999993;26.67588200000003;30.151570000000007;26.41594159999997;29.744948720000004;28.438097279999997;28.54846714979999;27.71473499999999;27.61978718917382;28.94844;30.099;25.977287131040015;
42.4;41.82729023999998;41.654250447879996;46.32336105753599;41.66168168569;41.49159999999999;36.814396;41.552980000000005;41.941684266384016;39.63942978000001;42.21126444;38.13975297200001;39.755531340000005;39.912527068;46.76710173952;41.543328210000006;46.027134261247994;48.95700099;42.57224829999999;42.40247000000004;47.99831560000001;36.365423;48.013958400000014;40.97088883299601;38.288966130000006;42.07873920639864;43.31804860436;47.268221235330635;38.275780000000005;38.16095999999998;48.204674964575986;
28.6;25.749459840000014;25.015528977229998;27.89284146943099;24.619922283439998;24.811149999999998;25.601596;24.885650000000002;25.00599716275601;24.443063060000007;25.561867960000004;24.710278856000002;24.608258320000008;25.209047211999994;28.331269724669998;24.75242096000001;27.828348044233;28.710000989999987;28.391017200000004;26.324870000000004;29.016345599999994;24.93674700000001;27.57924289999999;24.29117053576402;24.96667808;25.209973876349267;26.561255615159993;27.212595130735536;24.191480000000002;22.241160000000004;27.795535904708004;
21.0;20.9011184;18.459428119000002;18.187057926999998;18.958961986249992;18.546099999999985;22.375995999999994;20.18604999999999;17.782414740600004;20.579066160000004;21.11354651000001;17.912373128;20.11533715000001;20.154864146999998;19.343501389999993;18.884035250000007;17.646425241;18.142000989999996;21.072239000000003;18.95847000000001;17.073153200000007;19.519898;19.45438;25.484697414744986;18.520029280000003;18.5631671636294;17.938804653139997;17.32221894979;19.162900000000004;15.871760000000005;16.987297810050023;
13.4;21.23760820000001;18.792470107559996;24.200058993472005;18.51629768;18.661059999999996;22.325596000000004;18.895759999999996;18.2770816034;18.161788179999995;21.060100000000002;17.621660270000007;19.221366800000006;19.001965;25.57898656704;18.775676000000008;23.726099273696;24.923200989999998;21.154045999999994;19.023570000000003;23.34419200000002;19.051291000000003;25.50348560000001;24.290873519999998;18.517262130000002;17.889603530664004;20.636148300000002;23.551340718420548;18.151500000000002;15.141240000000007;23.86427178144001;
33.8;35.07762416;34.470227910229994;32.40069788853102;34.563209563010005;34.91688999999999;28.675995999999998;34.196364;32.69247277876401;31.558927431999994;33.14091756000002;31.050967037999996;32.39678802000002;33.23465333200001;32.34343751167;34.70183501;32.166887075533;30.765200990000004;27.7215073;29.477869999999996;30.62829719999999;31.501356999999995;32.1873429;32.99496928883599;32.035150529999996;35.54806109006216;28.408563336759997;34.71957547415276;31.154820000000004;31.96196;31.78651090601602;
30.4;29.81560904;30.33972257023;30.997625888530997;30.57498831929;30.269049999999996;28.12159600000001;30.13047999999999;30.245384515806;29.91410922;29.487229710000005;29.853875720000005;29.619388670000006;30.043381186999994;30.885537511669988;30.191525809999998;31.06248455553301;31.509700989999992;31.460858399999985;30.57017000000001;34.07178200000001;29.731844000000002;30.0279529;26.771319700609027;29.797487080000003;31.407079043627448;30.557006543919996;30.658587381152728;29.816380000000006;28.268239999999988;30.98598931551001;
35.9;32.27292579999997;33.335367598999994;31.561210528;34.03430585938999;33.48508;29.784796;34.52324999999999;33.238313880199996;36.4692265;32.07251339;32.93906852499998;32.69354001;33.102981883;31.027772960000004;33.412149410000005;31.659366304000002;30.957700989999992;36.945308299999986;37.16297000000002;34.67223400000003;33.09437299999999;30.194649999999996;29.31871801361103;32.71740924999999;34.75641088461481;31.50698590031;31.866487692640014;33.34768;32.549360000000014;30.9997819724;
26.9;31.473259679999984;32.77973805972;31.139734591623995;32.994871009629996;32.951619999999984;30.262396000000003;32.944579999999995;31.68857783801601;31.53667144;31.596020640000003;29.882842015999998;29.595383880000004;30.602692208;30.883884721679998;33.27206589;31.270188224631994;30.50370099;30.954179299999996;30.432270000000006;31.10908280000001;29.049141000000002;31.833892400000007;30.52292907812803;30.977111679999997;32.98341006656632;30.911814353119993;30.998904503201903;31.462040000000005;27.70704;32.18848433112801;
31.1;31.467081000000007;31.45204198028;32.643326487616;31.44695157875001;31.62352;28.32319600000001;31.432589999999987;30.987643541696002;30.442412319999995;30.65132771;30.183197198000002;30.33764555000001;30.789071786999997;32.65087720512001;31.463881250000007;32.29362001068802;32.27250098999999;30.119282500000004;30.384870000000003;31.37116359999999;31.116297;32.608756400000004;31.630101803074986;30.528162919999993;31.673424850375284;29.49030212820999;33.985113028176386;29.870899999999995;31.205759999999994;32.56205194568801;
38.1;48.24388032;46.513984412110005;43.412541104007005;46.60814396704;46.602789999999985;45.583995999999985;46.23960400000001;44.932507502620005;45.396838196000004;48.79400475;45.54814572799998;47.1217259;47.031301074999995;43.86250333699001;46.52974356;43.486922806200994;43.56630099;41.131268200000015;44.25477;42.693655199999995;44.43046699999999;43.54760009999999;48.36098073585004;45.33855791999999;47.667442818554335;42.68340777475001;44.932236276093;45.238780000000006;46.723559999999985;42.023280529887984;
21.3;22.249709239999987;22.57494304087;23.826721278779004;22.581960985760002;22.540749999999996;26.458395999999993;23.117098000000002;24.68632611635;24.631388872;23.900318750000004;25.64207266999999;23.923427299999997;23.107831875000002;23.62893714503;22.57371476000001;23.972707785797013;22.75180099;27.05511020000001;25.905670000000015;24.760415999999992;26.475713;22.419376900000003;23.092459535750002;25.28946036999999;21.916767059209405;24.488105743749998;22.328187393572414;24.958719999999996;23.012560000000004;22.361218958680013;
27.2;22.566104800000005;24.836106535250003;23.974054025125;25.593959797760004;24.936969999999995;29.028796;25.765190000000008;27.860974672050002;29.374967699999996;25.574418990000005;31.20665722000001;28.034176259999995;27.603151203;22.930226696250003;25.125562760000008;23.608877942874994;23.087000989999986;26.89635959999999;25.440370000000012;22.2016328;33.320054000000006;22.717782499999995;29.82476846749401;29.081608;25.225721716060377;27.030154091580002;23.61211783031188;30.13042;33.05743999999999;22.46352798708;
22.7;26.963042720000004;29.07841523481;24.304402487297004;28.919517281439997;29.18628999999999;30.060795999999996;28.443160000000013;29.256880097424002;27.95383178;26.946651040000006;28.243593779999998;26.69575096;27.498487088000005;24.094457722290006;29.524053960000003;24.645274260671005;22.703500990000006;24.60131479999999;25.08957000000001;23.394981600000023;28.548718000000004;24.53717810000001;27.467562493536;29.641252999999995;28.076294719756987;26.915077922559995;23.239276812217632;29.639880000000005;26.366159999999994;24.913326344424007;
29.6;24.833876799999985;27.86351330564;23.59956994832799;28.165428919999997;28.00084;30.843196000000006;28.137639999999998;30.873082011168;30.60629384;27.86973584;34.188295936;29.673140800000006;29.033089648;21.758233658960002;27.964184000000007;24.077027983703996;20.649100989999987;28.12038799999999;28.599270000000022;23.060595199999966;35.048981;20.090935599999995;25.83071900487999;32.10404991999997;28.280166499906954;27.160903114719986;22.32818824592575;32.5456;33.012440000000005;20.95980294806401;
43.3;41.604288800000006;40.933859364970004;38.026625299049;41.288882439999995;41.09892999999998;42.05599599999999;41.01063999999999;40.051858391992006;41.70845172;41.74643916000001;42.47029540199999;42.969483400000016;42.397757852000005;37.52131202893;41.242749;38.074672806406994;37.40020099000001;37.418721000000005;38.58457000000001;36.518808800000016;41.51813700000001;37.537914900000004;40.098165632920015;41.47456956999999;41.93449678791343;39.77407050395999;39.08299607150419;41.79710000000001;42.91336000000002;37.863015667328;
37.0;30.991082500000005;35.99919025109;31.97626559349299;35.615392669999984;35.86548999999999;34.62319600000001;34.62183000000001;39.06606636923;33.77232772;33.69072275000002;40.504134706;35.23024260000001;34.83172067499999;30.828096938009995;35.443723999999996;32.46259829629899;31.07060098999998;34.21487600000001;37.024670000000015;34.5053192;42.267542;29.342500100000002;31.78264366350001;38.34929916999997;34.08235416154366;35.108403743999986;30.160206906382985;39.019000000000005;42.321360000000006;30.893662851624015;
29.6;28.705086100000017;28.521082774120003;27.489454666304002;29.06336165;28.756779999999996;27.264796000000004;28.66269999999999;27.847312869032006;28.34774522;28.389552590000008;28.30586751;28.6447939;28.985552123;27.199405009279996;28.815461000000013;27.241382781871994;26.56490098999999;25.07158900000001;24.644069999999992;26.01910959999998;28.839669000000004;26.92658439999998;28.989285883010005;28.30051925;30.376922333252935;25.865622562829998;28.235646978271753;28.4204;27.656240000000007;26.551714619628;
25.3;25.35759188;28.587760452509997;23.991748760087003;27.92036973221;28.593729999999997;31.195995999999994;26.957420000000013;31.956142650060002;25.53449788;28.216291000000012;34.51149192099999;29.2141669;28.500877700000004;22.09114962259001;28.317611810000013;24.853626863641008;20.69620099;24.392873399999996;25.70657000000003;24.28923240000003;34.993055999999996;19.77020610000001;23.818454429799992;32.730036530000014;27.656011702232348;27.829061617999997;21.869965209047876;31.973419999999997;32.54564;21.168841263408012;
25.9;26.669539999999984;26.810775209000003;23.804236374999995;27.720597188719996;27.148359999999993;27.315196;27.682399999999998;27.129765286;28.849808480000007;27.225989240000008;28.300862478;28.53823788000001;28.222417628;23.238848750000006;27.336786440000008;23.533669205000002;22.194600989999998;24.502207199999997;23.743669999999995;24.010281599999985;29.55331600000001;22.976410000000005;28.912486837872006;27.817026119999994;27.620489947636514;26.198319125119994;24.256411278950008;28.497359999999997;29.58324;22.167128876839996;
42.4;49.525096000000005;47.75578949301;44.501952560437;47.98162114000001;47.408409999999975;50.724796;47.94288000000001;45.874622160496;50.26085428000001;49.61699424000001;50.47498252;51.48165200000001;51.27140612800001;45.456313472089995;47.364525;44.50775023369099;47.37670099000001;48.145319999999984;49.55997;46.64403520000002;49.75718600000001;44.65608610000001;48.46021263520003;48.26963325000001;48.983873744565756;48.412858934720006;44.83069595413948;49.6951;52.424640000000004;44.380285399168;
27.8;29.065515160000018;30.75370486579;30.904894880382994;30.782235642169997;30.940450000000002;29.986395999999985;29.92334000000002;32.171291086888;28.854106999999992;29.984427840000002;32.87015547600001;30.89308048000001;30.391057048000004;30.29570477531;30.78090629;30.650918595569014;29.666900989999977;26.47488770000001;27.407269999999983;29.237138799999997;34.625841;30.02008209999998;31.925684547792017;32.175887569999986;29.690452059109106;30.30963448032;31.883084591128352;31.84586000000001;35.31483999999998;30.153936246575995;
27.5;26.352551840000018;26.616784498730002;27.07600901148099;26.007096762289997;26.481549999999977;27.315196;26.234444000000003;27.845389621002006;25.825202084;26.814784190000005;27.724493183999996;26.30017549;26.261263643;26.934220643169997;26.30324381000001;27.396073617382992;26.541200989999993;29.306091300000002;28.340270000000004;29.8485948;27.892902999999993;25.498152899999994;23.382660730701044;27.668526119999996;25.54071692720504;28.20940890090999;25.909238946729143;26.52258;25.722559999999998;26.248157379363988;
41.7;40.91176880000002;40.495904079;42.460567904;40.65356811840999;40.44952000000001;40.947196000000005;40.70946400000001;39.90753988640001;41.16550347199999;40.88832099000001;40.70669134799999;40.54130080999999;40.370760603;42.49196128;40.51843461;42.416641372;43.250000990000004;41.306937999999995;41.924269999999986;41.28256759999999;39.99639999999999;42.757349999999995;41.21880055408902;40.573311079999996;41.254014145891034;40.111965435399995;42.92085326064002;40.72482;40.396200000000015;42.83121568925;
41.3;37.7558104;37.959472612839996;35.941179451968004;37.357770583749996;37.75984;40.94719599999999;37.202680000000015;39.09392655948801;37.45841848;37.64338011000001;40.24111537600001;39.55441605000001;38.687450067;35.493108293759995;37.75543125;36.512234028224;35.63500098999999;38.03821999999999;38.86466999999998;37.25252119999999;39.362235999999996;34.5327476;35.24081902557502;39.76151107999999;37.0833149259133;39.53157095768;35.07169888603751;38.9091;41.03764000000002;36.200391297528;
